ts,price,size,side,trade_id
'2025-05-21 19:35:28.627,107540,0.00080242,sell,740864247
'2025-05-21 19:35:28.627,107539.8,0.00040636,sell,740864248
'2025-05-21 19:35:28.627,107538.6,0.00001,sell,740864249
'2025-05-21 19:35:29.094,107537.1,0.00093,buy,740864250
'2025-05-21 19:35:30.107,107537.1,0.3336,buy,740864257
'2025-05-21 19:35:30.108,107537.1,0.07154927,buy,740864258
'2025-05-21 19:35:30.110,107537.1,0.13682954,buy,740864259
'2025-05-21 19:35:30.110,107537.1,0.0617,buy,740864260
'2025-05-21 19:35:30.110,107537.1,0.02622968,buy,740864261
'2025-05-21 19:35:30.111,107537.1,0.0315,buy,740864262
'2025-05-21 19:35:30.111,107537.1,0.0237,buy,740864263
'2025-05-21 19:35:30.112,107537.1,0.0617,buy,740864264
'2025-05-21 19:35:30.113,107537.1,0.001,buy,740864265
'2025-05-21 19:35:30.127,107537.1,0.00054649,buy,740864267
'2025-05-21 19:35:30.172,107539.6,0.00104,sell,740864269
'2025-05-21 19:35:30.197,107539.7,0.00053234,buy,740864271
'2025-05-21 19:35:30.197,107540,0.00001,buy,740864272
'2025-05-21 19:35:30.247,107544,0.00040017,buy,740864273
'2025-05-21 19:35:30.647,107545.2,0.00168928,buy,740864275
'2025-05-21 19:35:30.765,107545.8,0.07611839,buy,740864276
'2025-05-21 19:35:30.765,107545.8,0.15258698,buy,740864277
'2025-05-21 19:35:30.777,107550,0.00080242,buy,740864280
'2025-05-21 19:35:30.787,107558.1,0.0009,buy,740864281
'2025-05-21 19:35:30.787,107558.9,0.00001501,buy,740864282
'2025-05-21 19:35:30.957,107560,0.00100586,buy,740864286
'2025-05-21 19:35:30.997,107569.6,0.00001501,buy,740864287
'2025-05-21 19:35:30.997,107570,0.00080242,buy,740864290
'2025-05-21 19:35:31.152,107570.6,0.00841772,buy,740864291
'2025-05-21 19:35:31.219,107570.5,0.00187066,sell,740864292
'2025-05-21 19:35:31.305,107570.6,0.26410811,buy,740864301
'2025-05-21 19:35:31.437,107572,0.00026048,buy,740864303
'2025-05-21 19:35:31.477,107573.8,0.00001136,buy,740864304
'2025-05-21 19:35:31.477,107573.9,0.00001136,buy,740864305
'2025-05-21 19:35:31.613,107579.7,0.72857372,sell,740864316
'2025-05-21 19:35:32.666,107579.7,0.00019,sell,740864317
'2025-05-21 19:35:34.848,107579.8,0.00560956,buy,740864322
'2025-05-21 19:35:34.848,107580,0.00080242,buy,740864325
'2025-05-21 19:35:34.917,107582.1,0.00336106,buy,740864327
'2025-05-21 19:35:34.917,107587.9,0.0009,buy,740864328
'2025-05-21 19:35:34.932,107587.9,0.0023909,sell,740864329
'2025-05-21 19:35:35.287,107587.9,0.00054647,sell,740864331
'2025-05-21 19:35:35.506,107587.8,0.00022647,sell,740864333
'2025-05-21 19:35:35.517,107580,0.00001,sell,740864334
'2025-05-21 19:35:35.517,107579.7,0.00095,sell,740864335
'2025-05-21 19:35:35.826,107577.1,0.0019,buy,740864337
'2025-05-21 19:35:36.318,107577,0.00001007,sell,740864338
'2025-05-21 19:35:37.267,107577.1,0.00005647,buy,740864340
'2025-05-21 19:35:37.317,107580,0.00001,buy,740864341
'2025-05-21 19:35:37.467,107580.1,0.00004647,buy,740864342
'2025-05-21 19:35:38.296,107581.4,0.00851248,buy,740864344
'2025-05-21 19:35:38.937,107587.4,0.00037188,sell,740864345
'2025-05-21 19:35:40.501,107587.4,0.68083346,sell,740864356
'2025-05-21 19:35:40.501,107586.7,0.01239667,sell,740864357
'2025-05-21 19:35:40.501,107586.6,0.02282223,sell,740864358
'2025-05-21 19:35:40.501,107586,0.0185,sell,740864359
'2025-05-21 19:35:40.501,107582.4,0.05013461,sell,740864360
'2025-05-21 19:35:40.501,107581.7,0.04671754,sell,740864361
'2025-05-21 19:35:40.501,107581.3,0.08050083,sell,740864363
'2025-05-21 19:35:40.501,107580.6,0.01054136,sell,740864364
'2025-05-21 19:35:40.501,107580,0.06171,sell,740864367
'2025-05-21 19:35:40.501,107579.9,0.07048014,sell,740864368
'2025-05-21 19:35:40.501,107579.3,0.00095,sell,740864369
'2025-05-21 19:35:40.501,107579.1,0.0432,sell,740864370
'2025-05-21 19:35:40.501,107578,0.0185,sell,740864371
'2025-05-21 19:35:40.501,107577.1,0.00515091,sell,740864373
'2025-05-21 19:35:40.501,107577,0.29427993,sell,740864376
'2025-05-21 19:35:40.501,107576.3,0.0023708,sell,740864377
'2025-05-21 19:35:40.501,107576,0.0185,sell,740864378
'2025-05-21 19:35:40.501,107575.2,0.00464482,sell,740864379
'2025-05-21 19:35:40.501,107575.1,0.18787625,sell,740864380
'2025-05-21 19:35:40.501,107574.9,0.00001501,sell,740864381
'2025-05-21 19:35:40.501,107574,0.02038,sell,740864383
'2025-05-21 19:35:40.501,107573.1,0.75187511,sell,740864384
'2025-05-21 19:35:40.501,107572,0.11146,sell,740864386
'2025-05-21 19:35:40.501,107571.9,0.0432,sell,740864387
'2025-05-21 19:35:40.501,107571.1,0.03715606,sell,740864388
'2025-05-21 19:35:40.501,107570.5,0.0432,sell,740864389
'2025-05-21 19:35:40.501,107570,0.01930242,sell,740864393
'2025-05-21 19:35:40.501,107568.6,0.00188,sell,740864394
'2025-05-21 19:35:40.501,107568,0.0185,sell,740864395
'2025-05-21 19:35:40.501,107567.9,0.05063521,sell,740864397
'2025-05-21 19:35:40.501,107567.2,0.03726254,sell,740864398
'2025-05-21 19:35:40.501,107566.2,0.2475,sell,740864399
'2025-05-21 19:35:40.501,107566,0.0185,sell,740864400
'2025-05-21 19:35:40.501,107565.9,0.0432,sell,740864401
'2025-05-21 19:35:40.501,107564.4,0.20203662,sell,740864402
'2025-05-21 19:35:40.501,107564.3,0.18787625,sell,740864403
'2025-05-21 19:35:40.501,107564.2,0.000055,sell,740864405
'2025-05-21 19:35:40.501,107563.9,0.0432,sell,740864406
'2025-05-21 19:35:40.501,107563.7,0.033,sell,740864407
'2025-05-21 19:35:40.501,107563.3,0.46702151,sell,740864408
'2025-05-21 19:35:40.501,107563.2,0.21123673,sell,740864411
'2025-05-21 19:35:40.501,107563,0.00199998,sell,740864413
'2025-05-21 19:35:40.501,107562.4,0.05911,sell,740864414
'2025-05-21 19:35:40.501,107562.3,0.75187511,sell,740864415
'2025-05-21 19:35:40.501,107562,0.00099999,sell,740864416
'2025-05-21 19:35:40.501,107561.5,0.00005,sell,740864417
'2025-05-21 19:35:40.501,107561.3,0.07595446,sell,740864418
'2025-05-21 19:35:40.501,107560.6,0.12895,sell,740864420
'2025-05-21 19:35:40.501,107560,0.00080242,sell,740864423
'2025-05-21 19:35:40.501,107559.9,0.0555989,sell,740864425
'2025-05-21 19:35:40.501,107559.4,0.03,sell,740864426
'2025-05-21 19:35:40.501,107559.3,0.00929454,sell,740864427
'2025-05-21 19:35:40.501,107558.4,0.00229624,sell,740864428
'2025-05-21 19:35:40.501,107557.8,0.00371,sell,740864429
'2025-05-21 19:35:40.501,107557.6,0.23740059,sell,740864431
'2025-05-21 19:35:40.501,107557.5,0.00004,sell,740864432
'2025-05-21 19:35:40.501,107557.3,0.13615,sell,740864434
'2025-05-21 19:35:40.501,107556.5,0.033,sell,740864435
'2025-05-21 19:35:40.501,107556.3,0.09,sell,740864438
'2025-05-21 19:35:40.501,107555.2,0.13942147,sell,740864439
'2025-05-21 19:35:40.501,107554.5,0.04,sell,740864440
'2025-05-21 19:35:40.501,107554.4,0.04,sell,740864441
'2025-05-21 19:35:40.501,107553.6,0.04645647,sell,740864442
'2025-05-21 19:35:40.501,107553.5,0.000015,sell,740864443
'2025-05-21 19:35:40.501,107553.1,0.18787625,sell,740864444
'2025-05-21 19:35:40.501,107551.3,0.00419311,sell,740864445
'2025-05-21 19:35:40.501,107551.2,0.46702151,sell,740864446
'2025-05-21 19:35:40.501,107551.1,0.75187511,sell,740864447
'2025-05-21 19:35:40.501,107550.4,0.13704659,sell,740864448
'2025-05-21 19:35:40.501,107550,0.00080242,sell,740864451
'2025-05-21 19:35:40.501,107549.9,0.2907,sell,740864453
'2025-05-21 19:35:40.501,107549.2,0.13704659,sell,740864454
'2025-05-21 19:35:40.501,107549.1,0.09929841,sell,740864455
'2025-05-21 19:35:40.501,107546.9,0.05740555,sell,740864456
'2025-05-21 19:35:40.501,107546.2,0.00743634,sell,740864457
'2025-05-21 19:35:40.501,107545.7,0.18429308,sell,740864460
'2025-05-21 19:35:40.501,107545.1,0.0432,sell,740864461
'2025-05-21 19:35:40.501,107544.5,0.142732,sell,740864462
'2025-05-21 19:35:40.501,107543.9,0.0432,sell,740864463
'2025-05-21 19:35:40.501,107543,0.28,sell,740864467
'2025-05-21 19:35:40.501,107542.8,0.00001501,sell,740864468
'2025-05-21 19:35:40.501,107542.7,0.13704659,sell,740864469
'2025-05-21 19:35:40.501,107542.2,0.18787625,sell,740864470
'2025-05-21 19:35:40.501,107542,0.14,sell,740864472
'2025-05-21 19:35:40.501,107541,0.06,sell,740864474
'2025-05-21 19:35:40.501,107540.2,0.46702151,sell,740864475
'2025-05-21 19:35:40.501,107540.1,0.0721865,sell,740864476
'2025-05-21 19:35:40.507,107587.4,0.00051242,sell,740864477
'2025-05-21 19:35:40.508,107587.4,0.00028,sell,740864478
'2025-05-21 19:35:40.508,107587.4,0.00028,sell,740864479
'2025-05-21 19:35:40.508,107587.4,0.00051242,sell,740864480
'2025-05-21 19:35:40.508,107587.4,0.00028,sell,740864481
'2025-05-21 19:35:40.508,107587.4,0.00051242,sell,740864482
'2025-05-21 19:35:40.517,107587.4,0.00018,sell,740864483
'2025-05-21 19:35:42.063,107580.1,0.00073126,buy,740864484
'2025-05-21 19:35:43.638,107580.1,0.00082199,buy,740864485
'2025-05-21 19:35:44.139,107580.1,0.00023238,buy,740864486
'2025-05-21 19:35:44.417,107580.1,0.00004497,buy,740864487
'2025-05-21 19:35:44.571,107580.1,0.01,buy,740864488
'2025-05-21 19:35:44.617,107580.1,0.00004647,buy,740864489
'2025-05-21 19:35:44.797,107582,0.14064684,buy,740864491
'2025-05-21 19:35:44.807,107586.8,0.0010203,buy,740864492
'2025-05-21 19:35:47.034,107587.5,0.00597615,buy,740864497
'2025-05-21 19:35:47.303,107587.9,0.00214572,buy,740864500
'2025-05-21 19:35:47.303,107588,0.00024811,buy,740864501
'2025-05-21 19:35:47.303,107590,0.00080242,buy,740864504
'2025-05-21 19:35:47.303,107593.5,0.00315811,buy,740864505
'2025-05-21 19:35:47.307,107594.9,0.0009,buy,740864506
'2025-05-21 19:35:47.307,107595.6,0.0005,buy,740864507
'2025-05-21 19:35:50.644,107600,0.00076,buy,740864509
'2025-05-21 19:35:51.177,107600,0.00093,buy,740864513
'2025-05-21 19:35:54.387,107600,0.00036312,buy,740864514
'2025-05-21 19:35:55.259,107604,0.00219826,buy,740864515
'2025-05-21 19:35:56.592,107604,0.00093,buy,740864516
'2025-05-21 19:35:56.930,107603.9,0.00037731,sell,740864519
'2025-05-21 19:35:57.508,107604,0.00021319,buy,740864520
'2025-05-21 19:35:59.297,107603.9,0.00179836,sell,740864521
'2025-05-21 19:35:59.478,107604,0.00743466,buy,740864522
'2025-05-21 19:35:59.878,107603.9,0.01,sell,740864523
'2025-05-21 19:36:01.513,107604,0.00509615,buy,740864527
'2025-05-21 19:36:01.513,107605,0.00315736,buy,740864528
'2025-05-21 19:36:01.513,107605.7,0.00001247,buy,740864529
'2025-05-21 19:36:01.515,107607.8,0.00001247,buy,740864530
'2025-05-21 19:36:01.527,107608.9,0.0000125,buy,740864531
'2025-05-21 19:36:01.527,107609.5,0.00001,buy,740864532
'2025-05-21 19:36:01.527,107610,0.00080242,buy,740864535
'2025-05-21 19:36:01.532,107613,0.00078968,sell,740864536
'2025-05-21 19:36:01.537,107614.3,0.00001247,buy,740864537
'2025-05-21 19:36:01.737,107615.6,0.00108788,buy,740864541
'2025-05-21 19:36:01.751,107616.5,0.00315686,buy,740864542
'2025-05-21 19:36:01.770,107620,0.00080243,buy,740864546
'2025-05-21 19:36:01.770,107620,0.00080243,buy,740864547
'2025-05-21 19:36:01.934,107622,0.00093,buy,740864548
'2025-05-21 19:36:02.417,107622,0.00070806,buy,740864552
'2025-05-21 19:36:02.417,107623.7,0.00001,buy,740864553
'2025-05-21 19:36:02.627,107628,0.00433714,buy,740864556
'2025-05-21 19:36:02.714,107630,0.00098828,buy,740864561
'2025-05-21 19:36:02.715,107630,0.00001928,buy,740864562
'2025-05-21 19:36:02.715,107632,0.000969,buy,740864563
'2025-05-21 19:36:03.067,107633.9,0.02,sell,740864564
'2025-05-21 19:36:03.089,107634,0.00040879,buy,740864565
'2025-05-21 19:36:04.698,107633.9,0.001,sell,740864567
'2025-05-21 19:36:04.912,107634,0.00654655,buy,740864569
'2025-05-21 19:36:05.335,107633.9,0.00092,sell,740864570
'2025-05-21 19:36:05.571,107634,0.01621187,buy,740864578
'2025-05-21 19:36:05.577,107635,0.00010325,buy,740864579
'2025-05-21 19:36:05.577,107637.9,0.00001,buy,740864580
'2025-05-21 19:36:06.149,107638.4,0.00027703,sell,740864581
'2025-05-21 19:36:06.167,107638.5,0.00040544,buy,740864582
'2025-05-21 19:36:06.238,107639.5,0.00324635,buy,740864584
'2025-05-21 19:36:06.247,107640,0.00083418,buy,740864588
'2025-05-21 19:36:06.247,107645.1,0.00001,buy,740864589
'2025-05-21 19:36:06.267,107647.4,0.00040636,buy,740864590
'2025-05-21 19:36:06.387,107650,0.00080242,buy,740864593
'2025-05-21 19:36:07.028,107651,0.04754365,buy,740864598
'2025-05-21 19:36:07.028,107653.3,0.00006,buy,740864599
'2025-05-21 19:36:07.028,107655.7,0.00001,buy,740864600
'2025-05-21 19:36:07.028,107656,0.0185,buy,740864601
'2025-05-21 19:36:07.028,107659.1,0.0009,buy,740864602
'2025-05-21 19:36:07.028,107659.3,0.01298635,buy,740864604
'2025-05-21 19:36:07.028,107659.3,0.01602175,buy,740864605
'2025-05-21 19:36:07.028,107659.8,0.00150827,buy,740864606
'2025-05-21 19:36:07.028,107660,0.00080242,buy,740864609
'2025-05-21 19:36:07.028,107661.5,0.02166756,buy,740864610
'2025-05-21 19:36:07.028,107661.5,0.00732995,buy,740864611
'2025-05-21 19:36:07.028,107661.6,0.01856566,buy,740864612
'2025-05-21 19:36:07.028,107661.8,0.2475,buy,740864613
'2025-05-21 19:36:07.028,107662.6,0.00743142,buy,740864614
'2025-05-21 19:36:07.028,107662.8,0.00001,buy,740864615
'2025-05-21 19:36:07.028,107664.5,0.00183,buy,740864616
'2025-05-21 19:36:07.028,107666.4,0.00001,buy,740864617
'2025-05-21 19:36:07.028,107666.6,0.00015835,buy,740864618
'2025-05-21 19:36:07.028,107666.8,0.02899609,buy,740864619
'2025-05-21 19:36:07.028,107668.1,0.11145,buy,740864620
'2025-05-21 19:36:07.028,107668.3,0.00005,buy,740864621
'2025-05-21 19:36:07.028,107669.8,0.00183,buy,740864622
'2025-05-21 19:36:07.028,107669.9,0.00001,buy,740864623
'2025-05-21 19:36:07.028,107670,0.00090567,buy,740864627
'2025-05-21 19:36:07.028,107670.2,0.01475989,buy,740864628
'2025-05-21 19:36:07.029,107670.2,0.09669011,buy,740864629
'2025-05-21 19:36:07.029,107672.1,0.0300488,buy,740864631
'2025-05-21 19:36:07.029,107672.2,0.02188732,buy,740864632
'2025-05-21 19:36:07.029,107672.2,0.00811268,buy,740864633
'2025-05-21 19:36:07.029,107673.5,0.00001,buy,740864634
'2025-05-21 19:36:07.029,107673.9,0.0034487,buy,740864635
'2025-05-21 19:36:07.029,107673.9,0.04193197,buy,740864636
'2025-05-21 19:36:07.029,107674.7,0.00002,buy,740864637
'2025-05-21 19:36:07.029,107674.9,0.2475,buy,740864638
'2025-05-21 19:36:07.030,107675,0.00009817,buy,740864639
'2025-05-21 19:36:07.030,107675.2,0.00371,buy,740864640
'2025-05-21 19:36:07.030,107676.5,0.02156847,buy,740864641
'2025-05-21 19:36:07.038,107669.8,0.00001001,buy,740864642
'2025-05-21 19:36:07.041,107670,0.00001,buy,740864643
'2025-05-21 19:36:07.041,107673.8,0.01857856,buy,740864644
'2025-05-21 19:36:07.041,107674.2,0.00517989,buy,740864645
'2025-05-21 19:36:07.053,107674.1,0.00023482,sell,740864646
'2025-05-21 19:36:07.131,107674.2,0.01206376,buy,740864648
'2025-05-21 19:36:07.164,107678,0.0627,buy,740864651
'2025-05-21 19:36:07.239,107680,0.10928921,buy,740864661
'2025-05-21 19:36:08.327,107685.7,0.01835845,buy,740864670
'2025-05-21 19:36:08.337,107690,0.00080242,buy,740864673
'2025-05-21 19:36:08.337,107691.2,0.00001,buy,740864674
'2025-05-21 19:36:08.658,107691.3,0.00104568,buy,740864675
'2025-05-21 19:36:08.658,107692.8,0.00003143,buy,740864677
'2025-05-21 19:36:08.658,107693.1,0.00005199,buy,740864679
'2025-05-21 19:36:08.658,107693.2,0.00001316,buy,740864680
'2025-05-21 19:36:08.658,107693.3,0.00008734,buy,740864684
'2025-05-21 19:36:08.658,107694,0.00016233,buy,740864685
'2025-05-21 19:36:08.845,107694,0.00021882,buy,740864686
'2025-05-21 19:36:09.181,107693.9,0.000966,sell,740864687
'2025-05-21 19:36:09.367,107693.9,0.0005,sell,740864688
'2025-05-21 19:36:10.190,107693.9,0.000649,sell,740864689
'2025-05-21 19:36:11.041,107694,0.00383269,buy,740864694
'2025-05-21 19:36:11.041,107694.1,0.00011966,buy,740864695
'2025-05-21 19:36:11.045,107694.4,0.00002055,buy,740864697
'2025-05-21 19:36:11.045,107694.5,0.00002207,buy,740864699
'2025-05-21 19:36:11.045,107694.6,0.00002105,buy,740864701
'2025-05-21 19:36:11.045,107695.2,0.00005215,buy,740864705
'2025-05-21 19:36:11.045,107695.3,0.00003524,buy,740864708
'2025-05-21 19:36:11.045,107695.5,0.0001117,buy,740864709
'2025-05-21 19:36:11.045,107695.6,0.00047866,buy,740864710
'2025-05-21 19:36:11.045,107695.7,0.00019812,buy,740864714
'2025-05-21 19:36:11.045,107695.8,0.00004934,buy,740864717
'2025-05-21 19:36:11.045,107696.2,0.00001047,buy,740864718
'2025-05-21 19:36:11.045,107696.3,0.00034944,buy,740864720
'2025-05-21 19:36:11.045,107696.5,0.00003008,buy,740864721
'2025-05-21 19:36:11.141,107696.9,0.00052,buy,740864724
'2025-05-21 19:36:11.141,107696.9,0.00000178,buy,740864725
'2025-05-21 19:36:11.141,107697.2,0.00317,buy,740864727
'2025-05-21 19:36:11.141,107697.2,0.00000108,buy,740864728
'2025-05-21 19:36:11.141,107697.7,0.00109021,buy,740864731
'2025-05-21 19:36:11.141,107698,0.00025839,buy,740864736
'2025-05-21 19:36:11.141,107698.4,0.00018391,buy,740864737
'2025-05-21 19:36:11.141,107698.7,0.00002305,buy,740864738
'2025-05-21 19:36:11.141,107698.9,0.00027521,buy,740864740
'2025-05-21 19:36:11.141,107699.1,0.00001484,buy,740864741
'2025-05-21 19:36:11.141,107699.2,0.00002685,buy,740864743
'2025-05-21 19:36:11.141,107699.4,0.0000679,buy,740864745
'2025-05-21 19:36:11.142,107699.9,0.00818245,buy,740864752
'2025-05-21 19:36:11.142,107700,0.02489921,buy,740865007
'2025-05-21 19:36:11.142,107700,0.02414242,buy,740865350
'2025-05-21 19:36:11.142,107700.1,0.00007282,buy,740865351
'2025-05-21 19:36:11.142,107700.6,0.000069,buy,740865354
'2025-05-21 19:36:11.142,107700.7,0.0000189,buy,740865355
'2025-05-21 19:36:11.142,107700.8,0.00001202,buy,740865356
'2025-05-21 19:36:11.142,107700.9,0.00004651,buy,740865357
'2025-05-21 19:36:11.142,107701,0.000121,buy,740865360
'2025-05-21 19:36:11.142,107701.1,0.00001087,buy,740865361
'2025-05-21 19:36:11.142,107701.2,0.00005202,buy,740865363
'2025-05-21 19:36:11.142,107701.9,0.00148367,buy,740865368
'2025-05-21 19:36:11.149,107702.1,0.00007285,buy,740865371
'2025-05-21 19:36:11.149,107702.9,0.00002095,buy,740865372
'2025-05-21 19:36:11.149,107703.1,0.00002999,buy,740865374
'2025-05-21 19:36:11.149,107703.2,0.00006702,buy,740865375
'2025-05-21 19:36:11.149,107703.3,0.00001008,buy,740865376
'2025-05-21 19:36:11.149,107703.7,0.00017169,buy,740865377
'2025-05-21 19:36:11.149,107704.1,0.00001007,buy,740865378
'2025-05-21 19:36:11.149,107704.2,0.00001854,buy,740865379
'2025-05-21 19:36:11.149,107704.4,0.00013195,buy,740865380
'2025-05-21 19:36:11.149,107704.5,0.00072301,buy,740865388
'2025-05-21 19:36:11.149,107704.7,0.00001019,buy,740865389
'2025-05-21 19:36:11.188,107705,0.00010325,buy,740865390
'2025-05-21 19:36:11.188,107705.5,0.0000332,buy,740865391
'2025-05-21 19:36:11.188,107705.7,0.00003084,buy,740865392
'2025-05-21 19:36:11.201,107705.8,0.00060949,buy,740865394
'2025-05-21 19:36:11.201,107706.2,0.00001777,buy,740865395
'2025-05-21 19:36:11.201,107706.3,0.00203837,buy,740865396
'2025-05-21 19:36:11.201,107706.4,0.00279306,buy,740865399
'2025-05-21 19:36:11.201,107706.5,0.00291949,buy,740865400
'2025-05-21 19:36:11.201,107706.6,0.00002766,buy,740865401
'2025-05-21 19:36:11.201,107707.2,0.00010203,buy,740865405
'2025-05-21 19:36:11.201,107707.4,0.00228269,buy,740865406
'2025-05-21 19:36:11.201,107707.6,0.00002211,buy,740865407
'2025-05-21 19:36:11.204,107707.9,0.00135266,buy,740865409
'2025-05-21 19:36:11.239,107708.1,0.00476705,buy,740865410
'2025-05-21 19:36:11.239,107708.3,0.00138574,buy,740865414
'2025-05-21 19:36:11.239,107708.7,0.00315281,buy,740865415
'2025-05-21 19:36:11.239,107708.8,0.00004723,buy,740865416
'2025-05-21 19:36:11.239,107709,0.00271296,buy,740865421
'2025-05-21 19:36:11.239,107709.2,0.00005126,buy,740865425
'2025-05-21 19:36:11.239,107709.3,0.00019791,buy,740865427
'2025-05-21 19:36:11.239,107709.5,0.00001702,buy,740865428
'2025-05-21 19:36:11.239,107709.6,0.0001333,buy,740865429
'2025-05-21 19:36:11.239,107710,0.01930242,buy,740865433
'2025-05-21 19:36:11.239,107710.3,0.00007575,buy,740865434
'2025-05-21 19:36:11.239,107710.5,0.0001137,buy,740865435
'2025-05-21 19:36:11.239,107710.6,0.00015876,buy,740865436
'2025-05-21 19:36:11.239,107711,0.00025208,buy,740865438
'2025-05-21 19:36:11.239,107711.3,0.00005708,buy,740865440
'2025-05-21 19:36:11.239,107711.4,0.00004907,buy,740865442
'2025-05-21 19:36:11.239,107711.7,0.00029434,buy,740865450
'2025-05-21 19:36:11.239,107711.9,0.0020022,buy,740865456
'2025-05-21 19:36:11.239,107712,0.01851047,buy,740865458
'2025-05-21 19:36:11.239,107712.2,0.00005079,buy,740865459
'2025-05-21 19:36:11.239,107712.3,0.00003096,buy,740865461
'2025-05-21 19:36:11.239,107712.4,0.00001009,buy,740865462
'2025-05-21 19:36:11.239,107712.5,0.00004929,buy,740865463
'2025-05-21 19:36:11.243,107712.2,0.00023634,buy,740865464
'2025-05-21 19:36:11.243,107712.2,0.00023634,buy,740865465
'2025-05-21 19:36:11.246,107712.2,0.00032818,buy,740865466
'2025-05-21 19:36:11.246,107712.2,0.00032818,buy,740865467
'2025-05-21 19:36:11.626,107712.2,0.00465,buy,740865468
'2025-05-21 19:36:11.637,107712.8,0.00001448,buy,740865469
'2025-05-21 19:36:11.637,107713,0.00013158,buy,740865474
'2025-05-21 19:36:11.637,107713.3,0.00001589,buy,740865475
'2025-05-21 19:36:11.637,107713.6,0.00001509,buy,740865476
'2025-05-21 19:36:11.785,107714.1,0.0008563,sell,740865477
'2025-05-21 19:36:11.973,107714.1,0.00001136,sell,740865478
'2025-05-21 19:36:12.041,107714.2,0.00046,buy,740865480
'2025-05-21 19:36:12.045,107714.2,0.00046,buy,740865483
'2025-05-21 19:36:12.045,107714.2,0.25135617,buy,740865501
'2025-05-21 19:36:12.045,107714.3,0.0005576,buy,740865504
'2025-05-21 19:36:12.045,107714.5,0.00084489,buy,740865505
'2025-05-21 19:36:12.045,107714.6,0.00001202,buy,740865506
'2025-05-21 19:36:12.045,107714.9,0.00053192,buy,740865510
'2025-05-21 19:36:12.045,107715,0.0280392,buy,740865512
'2025-05-21 19:36:12.045,107715.1,0.00002652,buy,740865513
'2025-05-21 19:36:12.045,107715.2,0.00008228,buy,740865515
'2025-05-21 19:36:12.047,107715.3,0.00001176,buy,740865516
'2025-05-21 19:36:12.047,107715.5,0.0009537,buy,740865518
'2025-05-21 19:36:12.047,107715.6,0.0000548,buy,740865520
'2025-05-21 19:36:12.047,107716,0.01853943,buy,740865522
'2025-05-21 19:36:12.047,107716.2,0.00001055,buy,740865523
'2025-05-21 19:36:12.047,107716.3,0.00020455,buy,740865524
'2025-05-21 19:36:12.047,107716.6,0.00001036,buy,740865525
'2025-05-21 19:36:12.047,107716.7,0.00012587,buy,740865527
'2025-05-21 19:36:12.047,107716.9,0.00059829,buy,740865530
'2025-05-21 19:36:12.047,107717.3,0.00003453,buy,740865531
'2025-05-21 19:36:12.047,107717.4,0.00008307,buy,740865532
'2025-05-21 19:36:12.047,107717.6,0.00001964,buy,740865533
'2025-05-21 19:36:12.047,107718,0.01958026,buy,740865536
'2025-05-21 19:36:12.047,107718.4,0.00005214,buy,740865537
'2025-05-21 19:36:12.049,107718.7,0.00001398,buy,740865538
'2025-05-21 19:36:12.049,107718.9,0.0086,buy,740865539
'2025-05-21 19:36:12.049,107719.1,0.00020954,buy,740865540
'2025-05-21 19:36:12.049,107719.2,0.00009909,buy,740865541
'2025-05-21 19:36:12.049,107719.3,0.00004203,buy,740865542
'2025-05-21 19:36:12.049,107719.4,0.00003108,buy,740865543
'2025-05-21 19:36:12.049,107719.7,0.00001,buy,740865544
'2025-05-21 19:36:12.049,107720,0.00084337,buy,740865547
'2025-05-21 19:36:12.049,107720,0.02460356,buy,740865557
'2025-05-21 19:36:12.049,107720.1,0.00125222,buy,740865558
'2025-05-21 19:36:12.049,107720.2,0.0031523,buy,740865559
'2025-05-21 19:36:12.049,107720.3,0.00148559,buy,740865561
'2025-05-21 19:36:12.062,107720.6,0.00003574,buy,740865564
'2025-05-21 19:36:12.062,107721,0.00083,buy,740865565
'2025-05-21 19:36:12.063,107720.9,0.00119167,sell,740865566
'2025-05-21 19:36:12.067,107721.1,0.00001018,buy,740865567
'2025-05-21 19:36:12.071,107721.7,0.00185568,buy,740865569
'2025-05-21 19:36:12.077,107722.2,0.00003351,buy,740865571
'2025-05-21 19:36:12.097,107723,0.00093528,buy,740865574
'2025-05-21 19:36:12.097,107723.1,0.00002635,buy,740865575
'2025-05-21 19:36:12.218,107723.2,0.00034,buy,740865580
'2025-05-21 19:36:12.218,107723.2,0.00000723,buy,740865581
'2025-05-21 19:36:12.218,107723.3,0.00028277,buy,740865584
'2025-05-21 19:36:12.218,107723.3,0.00001588,buy,740865585
'2025-05-21 19:36:12.218,107723.4,0.00238909,buy,740865586
'2025-05-21 19:36:12.218,107724.1,0.00039533,buy,740865587
'2025-05-21 19:36:12.218,107724.2,0.00004804,buy,740865588
'2025-05-21 19:36:12.218,107724.5,0.0001132,buy,740865590
'2025-05-21 19:36:12.218,107724.9,0.00025796,buy,740865591
'2025-05-21 19:36:12.218,107725,0.00025884,buy,740865592
'2025-05-21 19:36:12.218,107725,0.00099243,buy,740865594
'2025-05-21 19:36:12.218,107725.1,0.000021,buy,740865595
'2025-05-21 19:36:12.218,107725.7,0.00002467,buy,740865596
'2025-05-21 19:36:12.219,107726.8,0.00011158,buy,740865598
'2025-05-21 19:36:12.219,107727,0.00027153,buy,740865600
'2025-05-21 19:36:12.219,107727.2,0.00711689,buy,740865615
'2025-05-21 19:36:12.267,107727.2,0.00036159,buy,740865620
'2025-05-21 19:36:12.303,107727.4,0.000027,buy,740865622
'2025-05-21 19:36:12.303,107727.6,0.00008146,buy,740865624
'2025-05-21 19:36:12.303,107727.7,0.00004166,buy,740865625
'2025-05-21 19:36:12.303,107728.1,0.00001131,buy,740865626
'2025-05-21 19:36:12.303,107728.2,0.00001432,buy,740865627
'2025-05-21 19:36:12.303,107728.5,0.0000153,buy,740865628
'2025-05-21 19:36:12.303,107728.7,0.00002012,buy,740865630
'2025-05-21 19:36:12.303,107728.8,0.00001413,buy,740865631
'2025-05-21 19:36:12.303,107729.1,0.00013692,buy,740865632
'2025-05-21 19:36:12.303,107729.2,0.0001302,buy,740865633
'2025-05-21 19:36:12.303,107729.4,0.00019102,buy,740865638
'2025-05-21 19:36:12.303,107729.5,0.00156808,buy,740865639
'2025-05-21 19:36:12.519,107729.4,0.00017842,sell,740865640
'2025-05-21 19:36:12.536,107729.4,0.007635,sell,740865641
'2025-05-21 19:36:13.182,107729.4,0.00282,sell,740865644
'2025-05-21 19:36:14.097,107729.4,0.00018985,sell,740865645
'2025-05-21 19:36:14.118,107729.5,0.00798885,buy,740865650
'2025-05-21 19:36:14.118,107729.8,0.00007703,buy,740865651
'2025-05-21 19:36:14.118,107729.9,0.00042525,buy,740865656
'2025-05-21 19:36:14.118,107730,0.00084346,buy,740865661
'2025-05-21 19:36:14.118,107730.2,0.00241823,buy,740865662
'2025-05-21 19:36:14.120,107730.7,0.00001078,buy,740865663
'2025-05-21 19:36:14.120,107730.9,0.00003762,buy,740865664
'2025-05-21 19:36:14.120,107731,0.0025,buy,740865665
'2025-05-21 19:36:14.120,107731.2,0.00001031,buy,740865666
'2025-05-21 19:36:14.120,107731.4,0.00002447,buy,740865668
'2025-05-21 19:36:14.120,107731.6,0.0000104,buy,740865669
'2025-05-21 19:36:14.120,107731.7,0.00324155,buy,740865671
'2025-05-21 19:36:14.120,107731.8,0.00001013,buy,740865672
'2025-05-21 19:36:14.120,107731.9,0.00010439,buy,740865673
'2025-05-21 19:36:14.120,107732,0.00263564,buy,740865679
'2025-05-21 19:36:14.120,107732.2,0.0000101,buy,740865680
'2025-05-21 19:36:14.120,107732.3,0.00009494,buy,740865683
'2025-05-21 19:36:14.120,107732.4,0.00003291,buy,740865684
'2025-05-21 19:36:14.120,107732.8,0.00006475,buy,740865685
'2025-05-21 19:36:14.186,107733.2,0.002153,sell,740865686
'2025-05-21 19:36:14.804,107733.2,0.07875281,sell,740865687
'2025-05-21 19:36:14.817,107733.2,0.01092329,sell,740865688
'2025-05-21 19:36:14.817,107733.2,0.01281127,sell,740865689
'2025-05-21 19:36:15.184,107733.2,0.000057,sell,740865690
'2025-05-21 19:36:15.655,107733.3,0.00093,buy,740865706
'2025-05-21 19:36:16.757,107733.2,0.263186,sell,740865707
'2025-05-21 19:36:18.032,107733.2,0.0232,sell,740865708
'2025-05-21 19:36:18.055,107733.2,0.00009842,sell,740865709
'2025-05-21 19:36:18.325,107733.3,0.04362903,buy,740865724
'2025-05-21 19:36:18.327,107733.3,0.00235974,buy,740865726
'2025-05-21 19:36:18.327,107733.8,0.00005118,buy,740865728
'2025-05-21 19:36:18.327,107734.4,0.00001034,buy,740865729
'2025-05-21 19:36:18.327,107735.8,0.00002952,buy,740865731
'2025-05-21 19:36:18.327,107736.1,0.00002433,buy,740865732
'2025-05-21 19:36:18.327,107736.3,0.00010908,buy,740865733
'2025-05-21 19:36:18.327,107736.6,0.002388,buy,740865734
'2025-05-21 19:36:18.331,107736.8,0.00021412,buy,740865735
'2025-05-21 19:36:18.331,107736.9,0.00118365,buy,740865742
'2025-05-21 19:36:18.331,107737.4,0.0036707,buy,740865743
'2025-05-21 19:36:18.340,107737.4,0.00001856,buy,740865744
'2025-05-21 19:36:18.994,107737.3,0.00029412,sell,740865745
'2025-05-21 19:36:19.407,107737.3,0.00072641,sell,740865748
'2025-05-21 19:36:19.523,107737.2,0.04672782,sell,740865750
'2025-05-21 19:36:19.524,107737.2,0.08061812,sell,740865751
'2025-05-21 19:36:19.524,107737.2,0.01527523,sell,740865752
'2025-05-21 19:36:19.524,107737.2,0.05429898,sell,740865753
'2025-05-21 19:36:19.525,107737.2,0.07547626,sell,740865755
'2025-05-21 19:36:19.527,107737.2,0.03021925,sell,740865759
'2025-05-21 19:36:19.539,107737.2,0.09738434,sell,740865760
'2025-05-21 19:36:19.547,107732.8,0.0005445,sell,740865761
'2025-05-21 19:36:19.547,107730,0.00002,sell,740865762
'2025-05-21 19:36:19.641,107729.7,0.00040651,sell,740865763
'2025-05-21 19:36:19.679,107729.8,0.00199423,buy,740865764
'2025-05-21 19:36:21.704,107729.8,0.00186,buy,740865765
'2025-05-21 19:36:21.842,107729.7,0.0003617,sell,740865766
'2025-05-21 19:36:22.473,107729.8,0.00937525,buy,740865767
'2025-05-21 19:36:22.876,107729.8,0.00009282,buy,740865768
'2025-05-21 19:36:23.347,107729.7,0.2465,sell,740865773
'2025-05-21 19:36:23.347,107729.7,0.15372471,sell,740865778
'2025-05-21 19:36:23.349,107725.4,0.0005,sell,740865779
'2025-05-21 19:36:23.362,107720,0.00081242,sell,740865782
'2025-05-21 19:36:23.362,107712.4,0.00100564,sell,740865783
'2025-05-21 19:36:23.362,107712.1,0.00036068,sell,740865785
'2025-05-21 19:36:23.362,107711.6,0.14713336,sell,740865786
'2025-05-21 19:36:23.362,107711.5,0.008,sell,740865787
'2025-05-21 19:36:23.362,107710,0.00081242,sell,740865790
'2025-05-21 19:36:23.362,107709.5,0.01238155,sell,740865791
'2025-05-21 19:36:23.362,107709.1,0.00742574,sell,740865792
'2025-05-21 19:36:23.362,107708.9,0.00806819,sell,740865793
'2025-05-21 19:36:23.637,107710.1,0.00013086,sell,740865794
'2025-05-21 19:36:23.680,107710,0.14544828,sell,740865798
'2025-05-21 19:36:23.680,107710,0.1211,sell,740865800
'2025-05-21 19:36:23.681,107710,0.01499942,sell,740865801
'2025-05-21 19:36:23.681,107710,0.00534001,sell,740865802
'2025-05-21 19:36:23.682,107710,0.0558,sell,740865805
'2025-05-21 19:36:23.682,107710,0.0214,sell,740865806
'2025-05-21 19:36:23.682,107710,0.03556229,sell,740865808
'2025-05-21 19:36:23.692,107700,0.00080242,sell,740865811
'2025-05-21 19:36:23.692,107698,0.00315227,sell,740865812
'2025-05-21 19:36:23.692,107692.6,0.000015,sell,740865813
'2025-05-21 19:36:23.692,107691.8,0.01860954,sell,740865815
'2025-05-21 19:36:23.737,107690,0.00080242,sell,740865818
'2025-05-21 19:36:23.781,107686.6,0.06952945,buy,740865819
'2025-05-21 19:36:23.927,107686.6,0.0002,buy,740865820
'2025-05-21 19:36:24.157,107686.5,0.00343882,sell,740865823
'2025-05-21 19:36:24.182,107684.2,0.00050002,sell,740865824
'2025-05-21 19:36:24.183,107684.2,0.00051582,sell,740865825
'2025-05-21 19:36:24.184,107684.2,0.00051582,sell,740865826
'2025-05-21 19:36:24.349,107683.2,0.00860517,sell,740865827
'2025-05-21 19:36:24.352,107683.2,0.01324934,sell,740865828
'2025-05-21 19:36:24.354,107683.2,0.01976222,sell,740865830
'2025-05-21 19:36:24.357,107680.7,0.00001,sell,740865831
'2025-05-21 19:36:24.546,107680.4,0.00231777,sell,740865832
'2025-05-21 19:36:24.874,107680.4,0.00675756,sell,740865833
'2025-05-21 19:36:24.874,107680.4,0.01927414,sell,740865834
'2025-05-21 19:36:24.874,107680.4,0.01847475,sell,740865835
'2025-05-21 19:36:24.874,107680.4,0.08828515,sell,740865836
'2025-05-21 19:36:24.874,107680.4,0.17892063,sell,740865838
'2025-05-21 19:36:24.874,107680,0.00083418,sell,740865842
'2025-05-21 19:36:24.876,107675,0.00315397,sell,740865843
'2025-05-21 19:36:24.876,107674.3,0.00981661,sell,740865844
'2025-05-21 19:36:24.876,107674.3,0.00712011,sell,740865845
'2025-05-21 19:36:24.887,107673.6,0.00001,sell,740865846
'2025-05-21 19:36:24.917,107670,0.00090567,sell,740865850
'2025-05-21 19:36:24.917,107666.6,0.00015835,sell,740865851
'2025-05-21 19:36:25.017,107663.5,0.00001751,sell,740865852
'2025-05-21 19:36:25.545,107663.5,0.00013976,sell,740865853
'2025-05-21 19:36:25.757,107663.5,0.00008372,sell,740865854
'2025-05-21 19:36:25.870,107663.6,0.03833848,buy,740865857
'2025-05-21 19:36:25.877,107670,0.00001,buy,740865858
'2025-05-21 19:36:25.877,107671.4,0.0005,buy,740865859
'2025-05-21 19:36:25.877,107671.7,0.0009,buy,740865860
'2025-05-21 19:36:26.187,107680,0.00080242,buy,740865863
'2025-05-21 19:36:26.194,107683.2,0.000573,sell,740865864
'2025-05-21 19:36:26.910,107683.2,0.00082723,sell,740865865
'2025-05-21 19:36:27.373,107683.3,0.0025025,buy,740865866
'2025-05-21 19:36:27.902,107683.3,0.00046,buy,740865867
'2025-05-21 19:36:27.902,107683.3,0.00046,buy,740865868
'2025-05-21 19:36:27.902,107683.3,0.04210882,buy,740865871
'2025-05-21 19:36:27.902,107684.3,0.0432,buy,740865872
'2025-05-21 19:36:27.902,107686,0.0185,buy,740865873
'2025-05-21 19:36:27.902,107686.1,0.01856126,buy,740865874
'2025-05-21 19:36:27.902,107686.6,0.0432,buy,740865875
'2025-05-21 19:36:27.902,107688,0.0185,buy,740865876
'2025-05-21 19:36:27.902,107690,0.01697317,buy,740865880
'2025-05-21 19:36:27.902,107690.1,0.0432,buy,740865881
'2025-05-21 19:36:27.902,107691.4,0.0441,buy,740865883
'2025-05-21 19:36:27.902,107692.6,0.00125699,buy,740865884
'2025-05-21 19:36:27.902,107692.7,0.18787625,buy,740865885
'2025-05-21 19:36:27.902,107692.9,0.00742829,buy,740865886
'2025-05-21 19:36:27.902,107693.7,0.52942151,buy,740865889
'2025-05-21 19:36:27.902,107694,0.02977414,buy,740865890
'2025-05-21 19:36:27.902,107695.7,0.02611247,buy,740865891
'2025-05-21 19:36:27.902,107696.2,0.142405,buy,740865892
'2025-05-21 19:36:27.902,107696.4,0.100234,buy,740865893
'2025-05-21 19:36:27.902,107696.7,0.0624,buy,740865895
'2025-05-21 19:36:27.902,107696.8,0.02968947,buy,740865897
'2025-05-21 19:36:27.902,107697.2,0.01238335,buy,740865898
'2025-05-21 19:36:27.902,107698,0.00001501,buy,740865899
'2025-05-21 19:36:27.902,107699.2,0.008,buy,740865900
'2025-05-21 19:36:27.902,107699.3,0.00005,buy,740865901
'2025-05-21 19:36:27.902,107699.5,0.03839118,buy,740865902
'2025-05-21 19:36:27.902,107699.7,0.00227748,buy,740865903
'2025-05-21 19:36:27.902,107700,0.00080242,buy,740865906
'2025-05-21 19:36:27.902,107702.1,0.31275026,buy,740865911
'2025-05-21 19:36:27.902,107702.3,0.14842991,buy,740865913
'2025-05-21 19:36:27.902,107703,0.01170425,buy,740865914
'2025-05-21 19:36:27.902,107703.4,0.20929849,buy,740865916
'2025-05-21 19:36:27.902,107703.5,0.04412425,buy,740865917
'2025-05-21 19:36:27.902,107703.6,0.08272176,buy,740865918
'2025-05-21 19:36:27.902,107703.6,0.10515449,buy,740865919
'2025-05-21 19:36:27.902,107703.9,0.06,buy,740865921
'2025-05-21 19:36:27.902,107704,0.00002,buy,740865922
'2025-05-21 19:36:27.902,107704.2,0.00106566,buy,740865923
'2025-05-21 19:36:27.902,107705,0.00010325,buy,740865924
'2025-05-21 19:36:27.902,107705.2,0.00464086,buy,740865925
'2025-05-21 19:36:27.902,107705.3,0.75294077,buy,740865927
'2025-05-21 19:36:27.902,107705.5,0.46702151,buy,740865928
'2025-05-21 19:36:27.902,107706,0.05010272,buy,740865929
'2025-05-21 19:36:27.902,107706.5,0.13704659,buy,740865930
'2025-05-21 19:36:27.902,107706.9,0.00928171,buy,740865931
'2025-05-21 19:36:27.902,107707.4,0.13704659,buy,740865932
'2025-05-21 19:36:27.902,107707.5,0.00371,buy,740865933
'2025-05-21 19:36:27.902,107708.2,0.15616034,buy,740865937
'2025-05-21 19:36:27.905,107708.2,0.00046,buy,740865938
'2025-05-21 19:36:27.905,107708.2,0.02637966,buy,740865939
'2025-05-21 19:36:27.905,107708.3,0.01105328,buy,740865941
'2025-05-21 19:36:27.906,107709.9,0.0224074,buy,740865942
'2025-05-21 19:36:27.906,107709.9,0.03278579,buy,740865943
'2025-05-21 19:36:27.906,107710,0.00080242,buy,740865946
'2025-05-21 19:36:27.906,107710.7,0.00106566,buy,740865947
'2025-05-21 19:36:27.906,107712.9,0.00027663,buy,740865948
'2025-05-21 19:36:27.906,107712.9,0.00343337,buy,740865949
'2025-05-21 19:36:27.906,107715.5,0.13746612,buy,740865950
'2025-05-21 19:36:27.906,107715.9,0.04,buy,740865951
'2025-05-21 19:36:27.906,107716.9,0.02706,buy,740865952
'2025-05-21 19:36:27.907,107720,0.04083418,buy,740865957
'2025-05-21 19:36:27.907,107723.2,0.0412616,buy,740865959
'2025-05-21 19:36:27.907,107726.8,0.00001,buy,740865960
'2025-05-21 19:36:27.907,107728.5,0.02786036,buy,740865961
'2025-05-21 19:36:27.907,107729,0.00419311,buy,740865962
'2025-05-21 19:36:27.907,107729.8,0.00046,buy,740865963
'2025-05-21 19:36:27.907,107729.8,0.04,buy,740865964
'2025-05-21 19:36:27.908,107730,0.00081242,buy,740865968
'2025-05-21 19:36:27.908,107731.7,0.01391938,buy,740865969
'2025-05-21 19:36:27.908,107732,0.002,buy,740865971
'2025-05-21 19:36:27.908,107733,0.001,buy,740865972
'2025-05-21 19:36:27.908,107733.3,0.00015835,buy,740865973
'2025-05-21 19:36:27.908,107733.9,0.02784513,buy,740865974
'2025-05-21 19:36:27.908,107734.2,0.00002,buy,740865975
'2025-05-21 19:36:27.908,107734.3,0.01451986,buy,740865976
'2025-05-21 19:36:27.908,107734.6,0.45653682,buy,740865977
'2025-05-21 19:36:27.908,107735.3,0.27368,buy,740865978
'2025-05-21 19:36:27.909,107737,0.08,buy,740865979
'2025-05-21 19:36:27.910,107728.2,0.0278466,buy,740865980
'2025-05-21 19:36:27.910,107737,0.10563724,buy,740865981
'2025-05-21 19:36:27.910,107737.4,0.0080597,buy,740865983
'2025-05-21 19:36:27.910,107737.7,0.00002873,buy,740865984
'2025-05-21 19:36:27.910,107737.8,0.00022455,buy,740865985
'2025-05-21 19:36:27.910,107738,0.0000523,buy,740865986
'2025-05-21 19:36:27.910,107738.2,0.00004535,buy,740865987
'2025-05-21 19:36:27.910,107738.4,0.00001001,buy,740865988
'2025-05-21 19:36:27.910,107738.7,0.00001083,buy,740865989
'2025-05-21 19:36:27.910,107739.1,0.00004588,buy,740865990
'2025-05-21 19:36:27.910,107739.2,0.00002838,buy,740865992
'2025-05-21 19:36:27.910,107739.6,0.01801043,buy,740865998
'2025-05-21 19:36:27.911,107738.3,0.00464241,buy,740865999
'2025-05-21 19:36:27.911,107739.6,0.03535759,buy,740866000
'2025-05-21 19:36:27.919,107728,0.0557396,buy,740866002
'2025-05-21 19:36:27.929,107728,0.00927,buy,740866004
'2025-05-21 19:36:27.951,107727.9,0.00001001,sell,740866005
'2025-05-21 19:36:27.951,107727.9,0.00001001,sell,740866006
'2025-05-21 19:36:27.954,107727.9,0.0506,sell,740866007
'2025-05-21 19:36:28.034,107727.3,0.01123,sell,740866008
'2025-05-21 19:36:28.065,107727.3,0.0170743,sell,740866009
'2025-05-21 19:36:28.066,107727.3,0.03659644,sell,740866010
'2025-05-21 19:36:28.066,107727.3,0.00157,sell,740866011
'2025-05-21 19:36:28.066,107727.3,0.01205,sell,740866012
'2025-05-21 19:36:28.066,107727.3,0.01195,sell,740866013
'2025-05-21 19:36:28.066,107727.3,0.03192388,sell,740866014
'2025-05-21 19:36:28.067,107727.3,0.02695401,sell,740866015
'2025-05-21 19:36:28.068,107727.3,0.001,sell,740866016
'2025-05-21 19:36:28.068,107727.3,0.06423044,sell,740866019
'2025-05-21 19:36:28.077,107721.8,0.00095,sell,740866020
'2025-05-21 19:36:28.077,107721.1,0.00000001,sell,740866021
'2025-05-21 19:36:28.078,107721.1,0.00095001,sell,740866022
'2025-05-21 19:36:28.597,107720.1,0.01,buy,740866023
'2025-05-21 19:36:29.705,107720.1,0.00023208,buy,740866024
'2025-05-21 19:36:29.723,107720,0.018,sell,740866031
'2025-05-21 19:36:29.728,107720,0.018,sell,740866032
'2025-05-21 19:36:30.277,107720.1,0.00002227,buy,740866033
'2025-05-21 19:36:30.320,107720,0.018,sell,740866034
'2025-05-21 19:36:30.582,107720,0.03155645,sell,740866035
'2025-05-21 19:36:30.582,107720,0.014,sell,740866036
'2025-05-21 19:36:30.582,107720,0.01894333,sell,740866037
'2025-05-21 19:36:30.582,107720,0.0139,sell,740866038
'2025-05-21 19:36:30.582,107720,0.0216,sell,740866039
'2025-05-21 19:36:30.588,107720,0.00458406,sell,740866040
'2025-05-21 19:36:30.588,107720,0.01270495,sell,740866041
'2025-05-21 19:36:30.842,107720,0.00376113,sell,740866042
'2025-05-21 19:36:31.041,107720.1,0.00186,buy,740866043
'2025-05-21 19:36:31.118,107720,0.00455389,sell,740866045
'2025-05-21 19:36:31.167,107718,0.00020003,sell,740866046
'2025-05-21 19:36:31.537,107712.3,0.00004641,buy,740866047
'2025-05-21 19:36:31.617,107720,0.00009352,buy,740866049
'2025-05-21 19:36:31.617,107720.1,0.00143108,buy,740866054
'2025-05-21 19:36:32.168,107723.6,0.00046,buy,740866055
'2025-05-21 19:36:32.170,107723.6,0.00137395,buy,740866062
'2025-05-21 19:36:32.177,107725.7,0.0005,buy,740866063
'2025-05-21 19:36:32.344,107729.9,0.12111211,sell,740866065
'2025-05-21 19:36:33.403,107730,0.01570994,buy,740866076
'2025-05-21 19:36:33.407,107730.1,0.00003311,buy,740866077
'2025-05-21 19:36:33.599,107733.8,0.02,buy,740866079
'2025-05-21 19:36:34.047,107733.8,0.00075844,buy,740866085
'2025-05-21 19:36:34.057,107740,0.00094121,buy,740866091
'2025-05-21 19:36:34.057,107740.3,0.00001157,buy,740866092
'2025-05-21 19:36:34.057,107740.5,0.00009869,buy,740866093
'2025-05-21 19:36:34.057,107740.7,0.00001679,buy,740866094
'2025-05-21 19:36:34.517,107741.4,0.00022641,sell,740866096
'2025-05-21 19:36:34.700,107741.3,0.4000464,sell,740866098
'2025-05-21 19:36:34.701,107740,0.00002,sell,740866099
'2025-05-21 19:36:34.892,107730,0.0135,sell,740866103
'2025-05-21 19:36:34.897,107730,0.00000144,sell,740866104
'2025-05-21 19:36:34.897,107724,0.00096,sell,740866105
'2025-05-21 19:36:34.897,107721.6,0.00005,sell,740866106
'2025-05-21 19:36:34.897,107720.3,0.0005,sell,740866107
'2025-05-21 19:36:34.899,107720,0.00065402,sell,740866108
'2025-05-21 19:36:35.086,107720,0.00098242,sell,740866112
'2025-05-21 19:36:35.086,107716,0.00597988,sell,740866113
'2025-05-21 19:36:35.555,107714,0.01775525,sell,740866114
'2025-05-21 19:36:35.627,107714,0.00018,sell,740866115
'2025-05-21 19:36:35.627,107712.2,0.00024815,sell,740866116
'2025-05-21 19:36:35.627,107710,0.00080242,sell,740866119
'2025-05-21 19:36:35.637,107707.9,0.00096,sell,740866120
'2025-05-21 19:36:35.810,107707.9,0.03834687,buy,740866125
'2025-05-21 19:36:36.511,107707.9,0.00093,buy,740866126
'2025-05-21 19:36:36.523,107707.8,0.018,sell,740866128
'2025-05-21 19:36:36.525,107707.8,0.279,sell,740866130
'2025-05-21 19:36:36.525,107707.8,0.11556159,sell,740866132
'2025-05-21 19:36:36.525,107705,0.00325833,sell,740866136
'2025-05-21 19:36:36.525,107704.8,0.02446281,sell,740866137
'2025-05-21 19:36:36.525,107704,0.01,sell,740866138
'2025-05-21 19:36:36.525,107703,0.01,sell,740866139
'2025-05-21 19:36:36.525,107702.5,0.02446333,sell,740866140
'2025-05-21 19:36:36.525,107702,0.01952135,sell,740866142
'2025-05-21 19:36:36.525,107700.4,0.02446381,sell,740866143
'2025-05-21 19:36:36.525,107700,0.00080242,sell,740866146
'2025-05-21 19:36:36.525,107699.8,0.00096,sell,740866147
'2025-05-21 19:36:36.525,107699.7,0.0005,sell,740866148
'2025-05-21 19:36:36.525,107694.4,0.00188,sell,740866149
'2025-05-21 19:36:36.525,107691.7,0.04312636,sell,740866150
'2025-05-21 19:36:36.811,107691.3,0.0002,buy,740866151
'2025-05-21 19:36:37.196,107691.2,0.000095,sell,740866152
'2025-05-21 19:36:37.951,107691.2,0.002,sell,740866153
'2025-05-21 19:36:39.366,107691.2,0.01848808,sell,740866155
'2025-05-21 19:36:39.366,107691.2,0.01950019,sell,740866156
'2025-05-21 19:36:39.366,107691.2,0.0185,sell,740866157
'2025-05-21 19:36:39.366,107691.2,0.02418023,sell,740866158
'2025-05-21 19:36:39.366,107691.2,0.02925028,sell,740866159
'2025-05-21 19:36:39.366,107691.2,0.02418023,sell,740866162
'2025-05-21 19:36:39.366,107691.2,0.00199981,sell,740866163
'2025-05-21 19:36:39.369,107691.2,0.00414972,sell,740866164
'2025-05-21 19:36:39.369,107691.2,0.00341977,sell,740866165
'2025-05-21 19:36:39.369,107691.2,0.00341977,sell,740866166
'2025-05-21 19:36:39.372,107691.2,0.26692474,sell,740866171
'2025-05-21 19:36:39.377,107690,0.00080242,sell,740866174
'2025-05-21 19:36:39.387,107684.2,0.0005,sell,740866175
'2025-05-21 19:36:39.387,107683.1,0.00095,sell,740866176
'2025-05-21 19:36:39.399,107680,0.00083418,sell,740866180
'2025-05-21 19:36:39.399,107679.7,0.00315366,sell,740866181
'2025-05-21 19:36:39.399,107678.4,0.02598544,sell,740866182
'2025-05-21 19:36:39.399,107678,0.0185,sell,740866183
'2025-05-21 19:36:39.399,107676,0.0185,sell,740866184
'2025-05-21 19:36:39.757,107672.1,0.0000464,buy,740866185
'2025-05-21 19:36:39.757,107674.1,0.00019098,buy,740866186
'2025-05-21 19:36:40.063,107674.9,0.02919395,buy,740866188
'2025-05-21 19:36:40.067,107679.2,0.0005,buy,740866189
'2025-05-21 19:36:40.067,107680,0.00001,buy,740866190
'2025-05-21 19:36:40.310,107682,0.00082257,buy,740866192
'2025-05-21 19:36:40.317,107685.9,0.00062853,buy,740866193
'2025-05-21 19:36:40.317,107690,0.00080242,buy,740866196
'2025-05-21 19:36:40.377,107692.1,0.0005,buy,740866197
'2025-05-21 19:36:40.457,107694,0.00161565,buy,740866199
'2025-05-21 19:36:40.467,107698.4,0.00001502,buy,740866200
'2025-05-21 19:36:40.467,107698.4,0.00001502,buy,740866201
'2025-05-21 19:36:40.472,107698.4,0.00001502,buy,740866202
'2025-05-21 19:36:40.472,107698.4,0.00001502,buy,740866203
'2025-05-21 19:36:40.737,107698.4,0.00009655,buy,740866204
'2025-05-21 19:36:40.737,107700,0.00080242,buy,740866207
'2025-05-21 19:36:40.837,107701.8,0.0005,sell,740866208
'2025-05-21 19:36:41.961,107700.1,0.00002541,buy,740866209
'2025-05-21 19:36:42.258,107700,0.31415621,sell,740866215
'2025-05-21 19:36:42.362,107700.1,0.00148761,buy,740866217
'2025-05-21 19:36:42.690,107701.9,0.00018569,buy,740866218
'2025-05-21 19:36:42.915,107701.9,0.01610331,buy,740866222
'2025-05-21 19:36:42.915,107702.2,0.000255,buy,740866223
'2025-05-21 19:36:42.916,107704.3,0.000255,buy,740866224
'2025-05-21 19:36:42.920,107705.4,0.000255,buy,740866225
'2025-05-21 19:36:43.307,107710,0.00155379,buy,740866229
'2025-05-21 19:36:44.137,107712,0.00023392,buy,740866234
'2025-05-21 19:36:46.460,107713.4,0.00009856,buy,740866235
'2025-05-21 19:36:49.611,107713.4,0.00193853,buy,740866236
'2025-05-21 19:36:49.692,107713.4,0.00017535,buy,740866241
'2025-05-21 19:36:49.707,107719.7,0.00001,buy,740866242
'2025-05-21 19:36:49.707,107720,0.00083418,buy,740866246
'2025-05-21 19:36:50.137,107720.9,0.0032215,buy,740866251
'2025-05-21 19:36:50.137,107721,0.0010587,buy,740866252
'2025-05-21 19:36:50.596,107730,0.00080242,buy,740866255
'2025-05-21 19:36:50.603,107732.4,0.00315176,buy,740866256
'2025-05-21 19:36:50.617,107739.7,0.0005,buy,740866257
'2025-05-21 19:36:50.617,107740,0.00090568,buy,740866262
'2025-05-21 19:36:50.617,107740,0.00140568,buy,740866263
'2025-05-21 19:36:50.623,107739.9,0.00081778,sell,740866264
'2025-05-21 19:36:52.572,107740,0.03029803,buy,740866271
'2025-05-21 19:36:52.577,107741.5,0.00001006,buy,740866272
'2025-05-21 19:36:52.577,107741.7,0.00001776,buy,740866273
'2025-05-21 19:36:53.586,107741.9,0.00796095,buy,740866285
'2025-05-21 19:36:54.566,107742.4,0.00069069,buy,740866290
'2025-05-21 19:36:54.566,107743.3,0.00002691,buy,740866291
'2025-05-21 19:36:55.034,107743.8,0.00055689,sell,740866292
'2025-05-21 19:36:55.046,107743.9,0.00328464,buy,740866294
'2025-05-21 19:36:55.046,107744,0.0000281,buy,740866295
'2025-05-21 19:36:55.046,107744.1,0.00034645,buy,740866296
'2025-05-21 19:36:55.046,107744.2,0.00003002,buy,740866297
'2025-05-21 19:36:55.046,107744.3,0.00011904,buy,740866298
'2025-05-21 19:36:55.046,107744.6,0.00005478,buy,740866301
'2025-05-21 19:36:55.046,107745,0.00001258,buy,740866302
'2025-05-21 19:36:55.046,107746.2,0.00001467,buy,740866303
'2025-05-21 19:36:55.046,107746.4,0.00005707,buy,740866307
'2025-05-21 19:36:55.046,107747.1,0.00115646,buy,740866313
'2025-05-21 19:36:55.046,107747.2,0.00003364,buy,740866315
'2025-05-21 19:36:55.046,107747.9,0.00013746,buy,740866316
'2025-05-21 19:36:55.046,107748,0.0185,buy,740866317
'2025-05-21 19:36:55.046,107748.7,0.0001298,buy,740866319
'2025-05-21 19:36:55.046,107748.8,0.00003755,buy,740866321
'2025-05-21 19:36:55.046,107749,0.0000422,buy,740866323
'2025-05-21 19:36:55.046,107749.3,0.00023003,buy,740866325
'2025-05-21 19:36:55.046,107749.5,0.0001769,buy,740866330
'2025-05-21 19:36:55.046,107749.6,0.00001004,buy,740866331
'2025-05-21 19:36:55.046,107749.9,0.00217916,buy,740866338
'2025-05-21 19:36:55.046,107750,0.2657965,buy,740866409
'2025-05-21 19:36:55.046,107750.1,0.00006252,buy,740866411
'2025-05-21 19:36:55.046,107750.2,0.00036133,buy,740866413
'2025-05-21 19:36:55.046,107750.6,0.00013144,buy,740866416
'2025-05-21 19:36:55.046,107750.7,0.00001494,buy,740866417
'2025-05-21 19:36:55.046,107750.9,0.01474656,buy,740866418
'2025-05-21 19:36:55.046,107751,0.00015479,buy,740866419
'2025-05-21 19:36:55.046,107751.1,0.00003538,buy,740866422
'2025-05-21 19:36:55.046,107751.4,0.00786396,buy,740866424
'2025-05-21 19:36:55.046,107751.5,0.03069498,buy,740866425
'2025-05-21 19:36:55.046,107751.6,0.00006721,buy,740866428
'2025-05-21 19:36:55.046,107751.7,0.00001,buy,740866429
'2025-05-21 19:36:55.047,107752,0.00089,buy,740866430
'2025-05-21 19:36:55.047,107752.1,0.00013111,buy,740866431
'2025-05-21 19:36:55.047,107752.3,0.00032006,buy,740866432
'2025-05-21 19:36:55.047,107752.4,0.0000105,buy,740866433
'2025-05-21 19:36:55.047,107752.7,0.00220917,buy,740866435
'2025-05-21 19:36:55.047,107752.9,0.04852675,buy,740866437
'2025-05-21 19:36:55.047,107753,0.00291757,buy,740866438
'2025-05-21 19:36:55.047,107753.3,0.00003051,buy,740866439
'2025-05-21 19:36:55.047,107753.4,0.00014603,buy,740866440
'2025-05-21 19:36:55.047,107753.6,0.00004474,buy,740866443
'2025-05-21 19:36:55.047,107753.7,0.00001016,buy,740866444
'2025-05-21 19:36:55.047,107753.8,0.00209352,buy,740866445
'2025-05-21 19:36:55.047,107754,0.00014359,buy,740866446
'2025-05-21 19:36:55.047,107754.1,0.00001017,buy,740866447
'2025-05-21 19:36:55.047,107754.2,0.00008301,buy,740866450
'2025-05-21 19:36:55.047,107754.4,0.00011759,buy,740866452
'2025-05-21 19:36:55.047,107754.5,0.00008167,buy,740866453
'2025-05-21 19:36:55.047,107754.7,0.2475,buy,740866454
'2025-05-21 19:36:55.047,107754.9,0.00004649,buy,740866455
'2025-05-21 19:36:55.047,107755,0.00003063,buy,740866458
'2025-05-21 19:36:55.047,107755.1,0.00041597,buy,740866460
'2025-05-21 19:36:55.047,107755.2,0.00001,buy,740866461
'2025-05-21 19:36:55.047,107755.4,0.00007351,buy,740866463
'2025-05-21 19:36:55.047,107755.5,0.00001105,buy,740866464
'2025-05-21 19:36:55.047,107755.6,0.00005035,buy,740866466
'2025-05-21 19:36:55.047,107756,0.00056571,buy,740866474
'2025-05-21 19:36:55.047,107756.3,0.00001265,buy,740866475
'2025-05-21 19:36:55.047,107756.4,0.00001847,buy,740866476
'2025-05-21 19:36:55.047,107756.8,0.00001052,buy,740866477
'2025-05-21 19:36:55.047,107757.1,0.02786634,buy,740866479
'2025-05-21 19:36:55.047,107757.3,0.00001349,buy,740866480
'2025-05-21 19:36:55.047,107757.4,0.00183,buy,740866481
'2025-05-21 19:36:55.047,107757.6,0.00012558,buy,740866485
'2025-05-21 19:36:55.047,107757.7,0.00001313,buy,740866486
'2025-05-21 19:36:55.047,107757.9,0.00300295,buy,740866488
'2025-05-21 19:36:55.047,107758,0.00014033,buy,740866489
'2025-05-21 19:36:55.047,107758.6,0.00645311,buy,740866491
'2025-05-21 19:36:55.047,107758.7,0.00001019,buy,740866492
'2025-05-21 19:36:55.047,107758.8,0.00004543,buy,740866494
'2025-05-21 19:36:55.047,107759.2,0.00002763,buy,740866495
'2025-05-21 19:36:55.047,107759.3,0.00002151,buy,740866496
'2025-05-21 19:36:55.047,107759.7,0.00008637,buy,740866498
'2025-05-21 19:36:55.047,107759.8,0.00011762,buy,740866499
'2025-05-21 19:36:55.047,107759.9,0.05491927,buy,740866500
'2025-05-21 19:36:55.047,107760,0.02098597,buy,740866520
'2025-05-21 19:36:55.047,107760.5,0.00742336,buy,740866521
'2025-05-21 19:36:55.047,107761,0.00019749,buy,740866526
'2025-05-21 19:36:55.047,107761.2,0.00013675,buy,740866529
'2025-05-21 19:36:55.047,107761.6,0.00008229,buy,740866530
'2025-05-21 19:36:55.047,107761.9,0.00045834,buy,740866532
'2025-05-21 19:36:55.047,107762.1,0.00011564,buy,740866534
'2025-05-21 19:36:55.047,107762.3,0.00001,buy,740866535
'2025-05-21 19:36:55.047,107762.4,0.00001142,buy,740866536
'2025-05-21 19:36:55.047,107762.5,0.00789749,buy,740866538
'2025-05-21 19:36:55.047,107762.6,0.00006,buy,740866539
'2025-05-21 19:36:55.047,107762.8,0.00409397,buy,740866541
'2025-05-21 19:36:55.047,107762.9,0.0046491,buy,740866542
'2025-05-21 19:36:55.047,107763.6,0.00006067,buy,740866543
'2025-05-21 19:36:55.047,107764,0.00001478,buy,740866544
'2025-05-21 19:36:55.047,107764.7,0.00002753,buy,740866545
'2025-05-21 19:36:55.047,107764.8,0.0001495,buy,740866547
'2025-05-21 19:36:55.047,107764.9,0.0000996,buy,740866550
'2025-05-21 19:36:55.047,107765,0.00216179,buy,740866551
'2025-05-21 19:36:55.047,107765.1,0.00002638,buy,740866552
'2025-05-21 19:36:55.047,107765.3,0.00026957,buy,740866555
'2025-05-21 19:36:55.047,107765.5,0.00001027,buy,740866556
'2025-05-21 19:36:55.047,107765.9,0.00015607,buy,740866560
'2025-05-21 19:36:55.047,107766,0.00049746,buy,740866564
'2025-05-21 19:36:55.047,107766.1,0.00011007,buy,740866565
'2025-05-21 19:36:55.047,107766.5,0.00196188,buy,740866570
'2025-05-21 19:36:55.047,107766.6,0.00687931,buy,740866576
'2025-05-21 19:36:55.047,107766.7,0.00059775,buy,740866582
'2025-05-21 19:36:55.047,107766.8,0.0000507,buy,740866585
'2025-05-21 19:36:55.047,107767.1,0.0000501,buy,740866586
'2025-05-21 19:36:55.047,107767.2,0.00003516,buy,740866587
'2025-05-21 19:36:55.047,107767.3,0.00001028,buy,740866588
'2025-05-21 19:36:55.047,107767.4,0.00001933,buy,740866589
'2025-05-21 19:36:55.047,107767.5,0.00540968,buy,740866590
'2025-05-21 19:36:55.047,107767.5,0.04,buy,740866591
'2025-05-21 19:36:55.047,107767.5,0.01328032,buy,740866592
'2025-05-21 19:36:55.047,107767.6,0.00937584,buy,740866593
'2025-05-21 19:36:55.047,107767.7,0.05734384,buy,740866597
'2025-05-21 19:36:55.047,107767.7,0.0027345,buy,740866598
'2025-05-21 19:36:55.047,107767.8,0.01926553,buy,740866599
'2025-05-21 19:36:55.047,107768.1,0.00371,buy,740866600
'2025-05-21 19:36:55.047,107768.5,0.00003652,buy,740866602
'2025-05-21 19:36:55.047,107768.7,0.00002533,buy,740866603
'2025-05-21 19:36:55.047,107769.2,0.00001214,buy,740866604
'2025-05-21 19:36:55.063,107769.3,0.00142558,buy,740866610
'2025-05-21 19:36:55.063,107769.4,0.00026927,buy,740866612
'2025-05-21 19:36:55.063,107769.5,0.01056326,buy,740866613
'2025-05-21 19:36:55.063,107769.6,0.06255004,buy,740866614
'2025-05-21 19:36:55.063,107769.7,0.00016004,buy,740866615
'2025-05-21 19:36:55.063,107770,0.00080242,buy,740866618
'2025-05-21 19:36:55.063,107770.2,0.00006332,buy,740866624
'2025-05-21 19:36:55.063,107770.4,0.00071894,buy,740866626
'2025-05-21 19:36:55.063,107769.4,0.00923112,sell,740866627
'2025-05-21 19:36:55.064,107770.5,0.00001004,buy,740866628
'2025-05-21 19:36:55.064,107770.7,0.00001347,buy,740866629
'2025-05-21 19:36:55.064,107770.8,0.00003574,buy,740866631
'2025-05-21 19:36:55.064,107771.3,0.00927617,buy,740866632
'2025-05-21 19:36:55.064,107771.6,0.000065,buy,740866633
'2025-05-21 19:36:55.064,107771.7,0.00002183,buy,740866634
'2025-05-21 19:36:55.064,107771.8,0.00001206,buy,740866635
'2025-05-21 19:36:55.064,107771.9,0.00004615,buy,740866638
'2025-05-21 19:36:55.064,107772,0.03539874,buy,740866640
'2025-05-21 19:36:55.064,107772,0.04891155,buy,740866642
'2025-05-21 19:36:55.064,107772.1,0.039,buy,740866643
'2025-05-21 19:36:55.064,107772.2,0.039,buy,740866644
'2025-05-21 19:36:55.064,107772.6,0.00080788,buy,740866646
'2025-05-21 19:36:55.064,107772.7,0.00003391,buy,740866647
'2025-05-21 19:36:55.064,107772.8,0.00002309,buy,740866649
'2025-05-21 19:36:55.064,107773.1,0.00006139,buy,740866652
'2025-05-21 19:36:55.064,107773.3,0.00005468,buy,740866655
'2025-05-21 19:36:55.064,107773.8,0.0002521,buy,740866656
'2025-05-21 19:36:55.064,107774,0.00002985,buy,740866658
'2025-05-21 19:36:55.064,107774.1,0.00010659,buy,740866660
'2025-05-21 19:36:55.064,107774.3,0.00001406,buy,740866661
'2025-05-21 19:36:55.064,107774.5,0.00003266,buy,740866663
'2025-05-21 19:36:55.064,107774.7,0.00018078,buy,740866664
'2025-05-21 19:36:55.064,107774.8,0.00001707,buy,740866665
'2025-05-21 19:36:55.064,107775,0.0001475,buy,740866667
'2025-05-21 19:36:55.064,107775.2,0.00003043,buy,740866668
'2025-05-21 19:36:55.064,107775.5,0.00048466,buy,740866669
'2025-05-21 19:36:55.067,107775.6,0.00008811,buy,740866670
'2025-05-21 19:36:55.067,107775.8,0.00020704,buy,740866673
'2025-05-21 19:36:55.067,107775.9,0.00001467,buy,740866674
'2025-05-21 19:36:55.067,107776,0.00006194,buy,740866676
'2025-05-21 19:36:55.067,107776.2,0.00014379,buy,740866677
'2025-05-21 19:36:55.067,107776.3,0.00001002,buy,740866678
'2025-05-21 19:36:55.075,107776.4,0.00116,sell,740866680
'2025-05-21 19:36:55.075,107776.3,0.15609403,sell,740866690
'2025-05-21 19:36:55.085,107776.4,0.0066,sell,740866691
'2025-05-21 19:36:55.088,107776.4,0.0066,sell,740866692
'2025-05-21 19:36:55.088,107776.4,0.0066,sell,740866693
'2025-05-21 19:36:55.088,107776.4,0.0066,sell,740866694
'2025-05-21 19:36:55.089,107776.4,0.0066,sell,740866695
'2025-05-21 19:36:55.089,107776.4,0.00046,sell,740866696
'2025-05-21 19:36:55.091,107776.4,0.0066,sell,740866697
'2025-05-21 19:36:55.093,107776.4,0.0066,sell,740866698
'2025-05-21 19:36:55.093,107776.4,0.0066,sell,740866699
'2025-05-21 19:36:55.148,107776.4,0.01,sell,740866702
'2025-05-21 19:36:55.148,107776.4,0.01,sell,740866703
'2025-05-21 19:36:55.209,107776.4,0.00115,sell,740866704
'2025-05-21 19:36:55.312,107776.4,0.00018,sell,740866705
'2025-05-21 19:36:55.403,107776.4,0.00198135,sell,740866706
'2025-05-21 19:36:56.062,107776.4,0.0012,sell,740866707
'2025-05-21 19:36:56.087,107776.5,0.00001211,buy,740866709
'2025-05-21 19:36:56.210,107776.4,0.008526,sell,740866712
'2025-05-21 19:36:56.907,107776.5,0.00779,buy,740866713
'2025-05-21 19:36:57.209,107776.4,0.001356,sell,740866714
'2025-05-21 19:36:58.052,107776.4,0.00031032,sell,740866715
'2025-05-21 19:36:58.116,107776.5,0.00093,buy,740866716
'2025-05-21 19:36:59.271,107776.5,0.64178762,buy,740866732
'2025-05-21 19:36:59.271,107776.6,0.00001102,buy,740866733
'2025-05-21 19:36:59.271,107776.7,0.00057784,buy,740866735
'2025-05-21 19:36:59.271,107776.8,0.00001208,buy,740866736
'2025-05-21 19:36:59.271,107776.9,0.06643796,buy,740866737
'2025-05-21 19:36:59.271,107777,0.5001455,buy,740866744
'2025-05-21 19:36:59.271,107777.3,0.00002467,buy,740866746
'2025-05-21 19:36:59.271,107777.6,0.00027315,buy,740866747
'2025-05-21 19:36:59.271,107777.7,0.02495045,buy,740866912
'2025-05-21 19:36:59.271,107778,0.0185,buy,740866913
'2025-05-21 19:36:59.271,107778.6,0.00001001,buy,740866914
'2025-05-21 19:36:59.271,107778.8,0.00008182,buy,740866917
'2025-05-21 19:36:59.271,107778.9,0.01679069,buy,740866919
'2025-05-21 19:36:59.271,107779,0.00001918,buy,740866920
'2025-05-21 19:36:59.271,107779.3,0.00141996,buy,740866923
'2025-05-21 19:36:59.271,107779.8,0.00003165,buy,740866925
'2025-05-21 19:36:59.271,107780,0.00081265,buy,740866929
'2025-05-21 19:36:59.271,107780.1,0.0000101,buy,740866930
'2025-05-21 19:36:59.271,107780.2,0.00002296,buy,740866931
'2025-05-21 19:36:59.271,107780.7,0.00003981,buy,740866932
'2025-05-21 19:36:59.271,107781,0.00001264,buy,740866933
'2025-05-21 19:36:59.271,107781.2,0.00010923,buy,740866934
'2025-05-21 19:36:59.271,107782,0.0185,buy,740866935
'2025-05-21 19:36:59.271,107782.3,0.00042438,buy,740866937
'2025-05-21 19:36:59.271,107782.5,0.00002611,buy,740866938
'2025-05-21 19:36:59.271,107782.6,0.00021631,buy,740866939
'2025-05-21 19:36:59.271,107783,0.00027582,buy,740866941
'2025-05-21 19:36:59.271,107783.2,0.00006276,buy,740866943
'2025-05-21 19:36:59.271,107783.3,0.00017134,buy,740866945
'2025-05-21 19:36:59.271,107783.4,0.00005044,buy,740866946
'2025-05-21 19:36:59.271,107783.5,0.0007166,buy,740866950
'2025-05-21 19:36:59.271,107783.7,0.02815289,buy,740866952
'2025-05-21 19:36:59.271,107783.9,0.00318536,buy,740866955
'2025-05-21 19:36:59.271,107784,0.00019064,buy,740866957
'2025-05-21 19:36:59.271,107784.1,0.00001508,buy,740866958
'2025-05-21 19:36:59.271,107784.5,0.00015386,buy,740866960
'2025-05-21 19:36:59.271,107784.6,0.00933803,buy,740866963
'2025-05-21 19:36:59.271,107785.2,0.00040805,buy,740866976
'2025-05-21 19:36:59.271,107785.5,0.00001415,buy,740866977
'2025-05-21 19:36:59.271,107785.6,0.00025252,buy,740866978
'2025-05-21 19:36:59.271,107785.7,0.00134179,buy,740866979
'2025-05-21 19:36:59.271,107786.3,0.00001048,buy,740866980
'2025-05-21 19:36:59.271,107786.5,0.00001012,buy,740866981
'2025-05-21 19:36:59.271,107786.8,0.0000125,buy,740866982
'2025-05-21 19:36:59.271,107787,0.00047544,buy,740866986
'2025-05-21 19:36:59.271,107787.1,0.00001013,buy,740866987
'2025-05-21 19:36:59.271,107787.2,0.00001,buy,740866988
'2025-05-21 19:36:59.271,107787.3,0.00001001,buy,740866989
'2025-05-21 19:36:59.271,107787.4,0.00005756,buy,740866991
'2025-05-21 19:36:59.271,107787.5,0.00001195,buy,740866992
'2025-05-21 19:36:59.271,107787.8,0.006939,buy,740866993
'2025-05-21 19:36:59.271,107787.9,0.00012422,buy,740866995
'2025-05-21 19:36:59.271,107788.5,0.00002429,buy,740866996
'2025-05-21 19:36:59.271,107788.8,0.00054455,buy,740867002
'2025-05-21 19:36:59.271,107789,0.00059277,buy,740867004
'2025-05-21 19:36:59.271,107789.1,0.00005053,buy,740867009
'2025-05-21 19:36:59.271,107789.2,0.00003857,buy,740867010
'2025-05-21 19:36:59.271,107789.3,0.00001032,buy,740867011
'2025-05-21 19:36:59.271,107789.4,0.0000985,buy,740867012
'2025-05-21 19:36:59.271,107789.6,0.00001834,buy,740867013
'2025-05-21 19:36:59.271,107789.7,0.00001288,buy,740867014
'2025-05-21 19:36:59.271,107790,0.00263534,buy,740867019
'2025-05-21 19:36:59.271,107790.2,0.00003129,buy,740867020
'2025-05-21 19:36:59.271,107790.4,0.03831569,buy,740867021
'2025-05-21 19:36:59.271,107790.8,0.00009711,buy,740867023
'2025-05-21 19:36:59.271,107790.9,0.00002498,buy,740867024
'2025-05-21 19:36:59.271,107791.2,0.00034172,buy,740867026
'2025-05-21 19:36:59.271,107791.4,0.00001245,buy,740867027
'2025-05-21 19:36:59.276,107784.6,0.00089,buy,740867028
'2025-05-21 19:36:59.278,107791.6,0.0003913,buy,740867030
'2025-05-21 19:36:59.278,107791.9,0.00002017,buy,740867032
'2025-05-21 19:36:59.278,107792,0.00099514,buy,740867034
'2025-05-21 19:36:59.278,107792,0.00140661,buy,740867035
'2025-05-21 19:36:59.283,107792,0.00105244,buy,740867036
'2025-05-21 19:36:59.283,107792,0.00105244,buy,740867037
'2025-05-21 19:36:59.286,107792,0.0016397,buy,740867038
'2025-05-21 19:36:59.286,107792,0.0016397,buy,740867039
'2025-05-21 19:36:59.306,107792.4,0.00097499,buy,740867040
'2025-05-21 19:36:59.306,107792.5,0.00001124,buy,740867041
'2025-05-21 19:36:59.306,107793.2,0.0000125,buy,740867042
'2025-05-21 19:36:59.306,107793.5,0.0107517,buy,740867043
'2025-05-21 19:36:59.306,107793.6,0.00001056,buy,740867044
'2025-05-21 19:36:59.306,107793.7,0.00059724,buy,740867045
'2025-05-21 19:36:59.306,107793.9,0.00671051,buy,740867047
'2025-05-21 19:36:59.306,107794,0.00656126,buy,740867048
'2025-05-21 19:36:59.315,107794.1,0.00002093,buy,740867049
'2025-05-21 19:36:59.322,107794.6,0.00001855,buy,740867050
'2025-05-21 19:36:59.323,107794.6,0.01042347,buy,740867051
'2025-05-21 19:36:59.323,107795,0.00001035,buy,740867052
'2025-05-21 19:36:59.323,107795.1,0.01995,buy,740867053
'2025-05-21 19:36:59.372,107795.4,0.00314901,buy,740867054
'2025-05-21 19:36:59.372,107795.6,0.00003651,buy,740867056
'2025-05-21 19:36:59.372,107795.9,0.00019378,buy,740867058
'2025-05-21 19:36:59.372,107796.3,0.00002069,buy,740867060
'2025-05-21 19:36:59.374,107796.5,0.00001024,buy,740867061
'2025-05-21 19:36:59.374,107796.6,0.00022481,buy,740867063
'2025-05-21 19:36:59.374,107796.7,0.00001006,buy,740867064
'2025-05-21 19:36:59.374,107796.8,0.00016083,buy,740867065
'2025-05-21 19:36:59.374,107797,0.00023768,buy,740867066
'2025-05-21 19:36:59.374,107797.1,0.00001039,buy,740867067
'2025-05-21 19:36:59.374,107797.3,0.00036114,buy,740867069
'2025-05-21 19:36:59.374,107797.6,0.00001483,buy,740867070
'2025-05-21 19:36:59.374,107798,0.00005033,buy,740867071
'2025-05-21 19:36:59.374,107798.4,0.00002315,buy,740867073
'2025-05-21 19:36:59.378,107798.5,0.00001041,buy,740867074
'2025-05-21 19:36:59.378,107798.7,0.00001582,buy,740867075
'2025-05-21 19:36:59.378,107799,0.00217821,buy,740867082
'2025-05-21 19:36:59.378,107799.2,0.00020904,buy,740867083
'2025-05-21 19:36:59.378,107799.4,0.00001259,buy,740867084
'2025-05-21 19:36:59.378,107799.6,0.00012802,buy,740867085
'2025-05-21 19:36:59.378,107799.7,0.00001832,buy,740867086
'2025-05-21 19:36:59.378,107799.8,0.00008633,buy,740867089
'2025-05-21 19:36:59.378,107799.9,0.00072056,buy,740867096
'2025-05-21 19:36:59.420,107799.9,0.00340553,buy,740867112
'2025-05-21 19:36:59.420,107800,0.00238853,buy,740867116
'2025-05-21 19:36:59.503,107800,0.13122305,buy,740867188
'2025-05-21 19:36:59.508,107800,0.02971078,buy,740867205
'2025-05-21 19:36:59.510,107799.9,0.00439857,sell,740867206
'2025-05-21 19:36:59.510,107799.9,0.0199529,sell,740867207
'2025-05-21 19:36:59.513,107800,0.01328849,buy,740867210
'2025-05-21 19:36:59.516,107800,0.00787,buy,740867211
'2025-05-21 19:36:59.519,107800,0.03186163,buy,740867212
'2025-05-21 19:36:59.520,107800,0.02583186,buy,740867222
'2025-05-21 19:36:59.521,107800,0.00412032,buy,740867223
'2025-05-21 19:36:59.524,107800,0.00431354,buy,740867224
'2025-05-21 19:36:59.525,107800,0.08690337,buy,740867227
'2025-05-21 19:36:59.526,107800,0.00800001,buy,740867228
'2025-05-21 19:36:59.526,107800,0.10714506,buy,740867229
'2025-05-21 19:36:59.532,107800,0.23367799,buy,740867230
'2025-05-21 19:36:59.544,107800,0.00599667,buy,740867231
'2025-05-21 19:36:59.562,107800,0.11090635,buy,740867232
'2025-05-21 19:36:59.570,107800,0.18013127,buy,740867233
'2025-05-21 19:36:59.576,107800,0.17728184,buy,740867234
'2025-05-21 19:36:59.579,107800,0.015202,buy,740867235
'2025-05-21 19:36:59.581,107800,0.07343644,buy,740867236
'2025-05-21 19:36:59.583,107800,0.13639556,buy,740867238
'2025-05-21 19:36:59.585,107800,0.01644001,buy,740867239
'2025-05-21 19:36:59.588,107800,0.17417616,buy,740867240
'2025-05-21 19:36:59.593,107800,0.15398389,buy,740867241
'2025-05-21 19:36:59.596,107800,0.08426871,buy,740867242
'2025-05-21 19:36:59.607,107800,0.02746556,buy,740867243
'2025-05-21 19:36:59.608,107800,0.00665,buy,740867244
'2025-05-21 19:36:59.608,107800,0.026,buy,740867245
'2025-05-21 19:36:59.609,107800,0.0121107,buy,740867246
'2025-05-21 19:36:59.611,107800,0.00364555,buy,740867247
'2025-05-21 19:36:59.612,107800,0.03368302,buy,740867248
'2025-05-21 19:36:59.619,107800,0.08847,buy,740867249
'2025-05-21 19:36:59.648,107800,0.07489,buy,740867250
'2025-05-21 19:36:59.648,107800,0.07774256,buy,740867251
'2025-05-21 19:36:59.656,107800,0.07617,buy,740867252
'2025-05-21 19:36:59.838,107799.9,0.00018481,sell,740867253
'2025-05-21 19:37:00.093,107800,0.54609099,buy,740867254
'2025-05-21 19:37:00.102,107800,0.98929971,buy,740867255
'2025-05-21 19:37:00.141,107800,0.50364,buy,740867256
'2025-05-21 19:37:00.147,107800,0.15523,buy,740867257
'2025-05-21 19:37:00.260,107800,0.21774,buy,740867258
'2025-05-21 19:37:00.263,107800,0.19369297,buy,740867259
'2025-05-21 19:37:00.263,107800,0.07230574,buy,740867260
'2025-05-21 19:37:00.263,107800,0.04361,buy,740867261
'2025-05-21 19:37:00.263,107800,0.08639,buy,740867262
'2025-05-21 19:37:00.263,107800,0.14569192,buy,740867263
'2025-05-21 19:37:00.263,107800,0.1365,buy,740867264
'2025-05-21 19:37:00.263,107800,0.2146,buy,740867265
'2025-05-21 19:37:00.263,107800,0.04217291,buy,740867266
'2025-05-21 19:37:00.263,107800,0.00019297,buy,740867267
'2025-05-21 19:37:00.263,107800,0.0011,buy,740867268
'2025-05-21 19:37:00.263,107800,0.3336,buy,740867269
'2025-05-21 19:37:00.263,107800,0.05086343,buy,740867270
'2025-05-21 19:37:00.263,107800,0.00215148,buy,740867271
'2025-05-21 19:37:00.263,107800,0.02365044,buy,740867272
'2025-05-21 19:37:00.263,107800,0.0001,buy,740867273
'2025-05-21 19:37:00.263,107800,0.2356,buy,740867274
'2025-05-21 19:37:00.263,107800,0.00019297,buy,740867275
'2025-05-21 19:37:00.263,107800,0.17452387,buy,740867276
'2025-05-21 19:37:00.263,107800,0.0006,buy,740867277
'2025-05-21 19:37:00.263,107800,0.01031513,buy,740867278
'2025-05-21 19:37:00.263,107800,0.10293631,buy,740867279
'2025-05-21 19:37:00.264,107800,0.0289,buy,740867280
'2025-05-21 19:37:00.264,107800,0.01103808,buy,740867281
'2025-05-21 19:37:00.264,107800,0.06975,buy,740867282
'2025-05-21 19:37:00.264,107800,0.0003,buy,740867283
'2025-05-21 19:37:00.264,107800,0.00905778,buy,740867284
'2025-05-21 19:37:00.265,107800,0.00012387,buy,740867285
'2025-05-21 19:37:00.265,107800,0.0003,buy,740867286
'2025-05-21 19:37:00.265,107800,0.06427,buy,740867287
'2025-05-21 19:37:00.265,107800,0.0164,buy,740867288
'2025-05-21 19:37:00.265,107800,0.0029,buy,740867289
'2025-05-21 19:37:00.265,107800,0.2304951,buy,740867290
'2025-05-21 19:37:00.265,107800,0.00022387,buy,740867291
'2025-05-21 19:37:00.265,107800,0.01282,buy,740867292
'2025-05-21 19:37:00.265,107800,0.00989343,buy,740867293
'2025-05-21 19:37:00.265,107800,0.1014,buy,740867294
'2025-05-21 19:37:00.265,107800,0.00185,buy,740867295
'2025-05-21 19:37:00.265,107800,0.00322387,buy,740867296
'2025-05-21 19:37:00.265,107800,0.12425311,buy,740867297
'2025-05-21 19:37:00.265,107800,0.00122387,buy,740867298
'2025-05-21 19:37:00.265,107800,0.03882177,buy,740867299
'2025-05-21 19:37:00.265,107800,0.07608036,buy,740867300
'2025-05-21 19:37:00.265,107800,0.0146327,buy,740867301
'2025-05-21 19:37:00.265,107800,0.01164536,buy,740867302
'2025-05-21 19:37:00.265,107800,0.01114299,buy,740867303
'2025-05-21 19:37:00.265,107800,0.04022173,buy,740867304
'2025-05-21 19:37:00.265,107800,0.01699069,buy,740867305
'2025-05-21 19:37:00.265,107800,0.03349508,buy,740867306
'2025-05-21 19:37:00.265,107800,0.02094209,buy,740867307
'2025-05-21 19:37:00.265,107800,0.00621462,buy,740867308
'2025-05-21 19:37:00.266,107800,0.01589464,buy,740867309
'2025-05-21 19:37:00.266,107800,0.04436564,buy,740867310
'2025-05-21 19:37:00.266,107800,0.02357763,buy,740867311
'2025-05-21 19:37:00.266,107800,0.01275956,buy,740867312
'2025-05-21 19:37:00.266,107800,0.01208961,buy,740867313
'2025-05-21 19:37:00.266,107800,0.01392385,buy,740867314
'2025-05-21 19:37:00.266,107800,0.1265525,buy,740867315
'2025-05-21 19:37:00.266,107800,0.01542609,buy,740867316
'2025-05-21 19:37:00.266,107800,0.0210942,buy,740867317
'2025-05-21 19:37:00.266,107800,0.00800349,buy,740867318
'2025-05-21 19:37:00.266,107800,0.0125329,buy,740867319
'2025-05-21 19:37:00.266,107800,0.01833141,buy,740867320
'2025-05-21 19:37:00.266,107800,0.00955171,buy,740867321
'2025-05-21 19:37:00.266,107800,0.0034,buy,740867322
'2025-05-21 19:37:00.266,107800,0.2288,buy,740867323
'2025-05-21 19:37:00.266,107800,0.02700731,buy,740867324
'2025-05-21 19:37:00.266,107800,0.12041,buy,740867325
'2025-05-21 19:37:00.266,107800,0.02191868,buy,740867326
'2025-05-21 19:37:00.266,107800,0.03333862,buy,740867327
'2025-05-21 19:37:00.266,107800,0.03717352,buy,740867328
'2025-05-21 19:37:00.266,107800,0.06147188,buy,740867329
'2025-05-21 19:37:00.266,107800,0.00467188,buy,740867330
'2025-05-21 19:37:00.266,107800,0.00329883,buy,740867331
'2025-05-21 19:37:00.266,107800,0.03357376,buy,740867332
'2025-05-21 19:37:00.266,107800,0.00017188,buy,740867333
'2025-05-21 19:37:00.266,107800,0.003632,buy,740867334
'2025-05-21 19:37:00.268,107800,0.00456664,buy,740867335
'2025-05-21 19:37:00.268,107800,0.0021016,buy,740867336
'2025-05-21 19:37:00.268,107800,0.00735903,buy,740867337
'2025-05-21 19:37:00.268,107800,0.00131935,buy,740867338
'2025-05-21 19:37:00.268,107800,0.00882015,buy,740867339
'2025-05-21 19:37:00.268,107800,0.0002,buy,740867340
'2025-05-21 19:37:00.268,107800,0.01320107,buy,740867341
'2025-05-21 19:37:00.269,107800,0.0409855,buy,740867342
'2025-05-21 19:37:00.269,107800,0.1315,buy,740867343
'2025-05-21 19:37:00.269,107800,0.13358,buy,740867344
'2025-05-21 19:37:00.270,107800,0.12723,buy,740867345
'2025-05-21 19:37:00.271,107800,0.25234366,buy,740867346
'2025-05-21 19:37:00.273,107800,0.06959,buy,740867347
'2025-05-21 19:37:00.273,107800,0.0851,buy,740867348
'2025-05-21 19:37:00.275,107800,0.3958,buy,740867349
'2025-05-21 19:37:00.277,107800,0.00216257,buy,740867350
'2025-05-21 19:37:00.277,107800,0.10537816,buy,740867351
'2025-05-21 19:37:00.278,107800,0.00126257,buy,740867352
'2025-05-21 19:37:00.281,107800,0.00937951,buy,740867353
'2025-05-21 19:37:00.296,107799.9,0.051999,sell,740867359
'2025-05-21 19:37:00.301,107800,0.31976132,buy,740867360
'2025-05-21 19:37:00.337,107800,0.28576918,buy,740867361
'2025-05-21 19:37:00.346,107799.9,0.00018313,sell,740867362
'2025-05-21 19:37:00.367,107800,0.36626681,buy,740867363
'2025-05-21 19:37:00.437,107800,0.60409861,buy,740867374
'2025-05-21 19:37:00.437,107800.2,0.00001232,buy,740867375
'2025-05-21 19:37:00.447,107800.7,0.00001652,buy,740867376
'2025-05-21 19:37:00.447,107800.9,0.00097644,buy,740867377
'2025-05-21 19:37:00.447,107801.1,0.00005806,buy,740867380
'2025-05-21 19:37:00.447,107801.2,0.00003197,buy,740867381
'2025-05-21 19:37:00.447,107801.3,0.0000403,buy,740867384
'2025-05-21 19:37:00.447,107801.6,0.00001086,buy,740867385
'2025-05-21 19:37:00.447,107801.8,0.00011754,buy,740867389
'2025-05-21 19:37:00.447,107802.1,0.0028375,buy,740867391
'2025-05-21 19:37:00.447,107802.2,0.00010045,buy,740867392
'2025-05-21 19:37:00.447,107802.4,0.00019367,buy,740867393
'2025-05-21 19:37:00.457,107802.6,0.00001095,buy,740867394
'2025-05-21 19:37:00.457,107803.5,0.00006854,buy,740867395
'2025-05-21 19:37:00.457,107803.6,0.00022551,buy,740867396
'2025-05-21 19:37:00.457,107803.7,0.00001002,buy,740867397
'2025-05-21 19:37:00.457,107803.8,0.00001648,buy,740867398
'2025-05-21 19:37:00.457,107803.9,0.00009234,buy,740867400
'2025-05-21 19:37:00.457,107804.8,0.0000616,buy,740867401
'2025-05-21 19:37:00.457,107804.9,0.00001763,buy,740867402
'2025-05-21 19:37:00.457,107805.5,0.00002004,buy,740867403
'2025-05-21 19:37:00.457,107805.8,0.00001386,buy,740867404
'2025-05-21 19:37:00.457,107805.9,0.00018377,buy,740867405
'2025-05-21 19:37:00.457,107806,0.00001069,buy,740867406
'2025-05-21 19:37:00.457,107806.2,0.00069291,buy,740867408
'2025-05-21 19:37:00.457,107806.3,0.0000332,buy,740867409
'2025-05-21 19:37:00.517,107806.4,0.00127624,buy,740867413
'2025-05-21 19:37:00.517,107806.4,0.00127624,buy,740867414
'2025-05-21 19:37:00.521,107806.4,0.00127624,buy,740867415
'2025-05-21 19:37:00.521,107806.4,0.00127624,buy,740867416
'2025-05-21 19:37:00.525,107806.4,0.00127624,buy,740867417
'2025-05-21 19:37:00.525,107806.4,0.00127624,buy,740867418
'2025-05-21 19:37:00.615,107806.3,0.000178,sell,740867419
'2025-05-21 19:37:00.767,107806.4,0.000025,buy,740867421
'2025-05-21 19:37:00.767,107806.5,0.00002187,buy,740867422
'2025-05-21 19:37:00.767,107806.7,0.00003951,buy,740867425
'2025-05-21 19:37:00.788,107806.9,0.00018458,buy,740867426
'2025-05-21 19:37:01.060,107806.9,0.00046,buy,740867427
'2025-05-21 19:37:01.210,107806.8,0.006641,sell,740867428
'2025-05-21 19:37:01.521,107806.9,0.00250392,buy,740867429
'2025-05-21 19:37:01.521,107807.3,0.00004096,buy,740867433
'2025-05-21 19:37:01.521,107807.4,0.00003472,buy,740867434
'2025-05-21 19:37:01.521,107807.7,0.00001278,buy,740867435
'2025-05-21 19:37:01.523,107807.9,0.00001616,buy,740867436
'2025-05-21 19:37:01.961,107808.1,0.00811441,buy,740867439
'2025-05-21 19:37:01.961,107808.2,0.00051582,buy,740867446
'2025-05-21 19:37:01.961,107808.6,0.0000305,buy,740867449
'2025-05-21 19:37:01.961,107808.8,0.00009297,buy,740867450
'2025-05-21 19:37:01.961,107809.5,0.02040391,buy,740867453
'2025-05-21 19:37:01.961,107809.8,0.00001002,buy,740867454
'2025-05-21 19:37:01.961,107810,0.00090567,buy,740867458
'2025-05-21 19:37:01.961,107810.4,0.00007419,buy,740867460
'2025-05-21 19:37:01.961,107810.5,0.002,buy,740867461
'2025-05-21 19:37:01.961,107810.7,0.00009312,buy,740867463
'2025-05-21 19:37:01.961,107810.8,0.00001018,buy,740867464
'2025-05-21 19:37:01.961,107810.9,0.00002037,buy,740867466
'2025-05-21 19:37:01.961,107811.5,0.00009726,buy,740867468
'2025-05-21 19:37:01.961,107811.8,0.00001168,buy,740867469
'2025-05-21 19:37:01.961,107812.3,0.00011122,buy,740867471
'2025-05-21 19:37:01.961,107812.5,0.00015615,buy,740867477
'2025-05-21 19:37:01.961,107812.6,0.00002732,buy,740867478
'2025-05-21 19:37:01.961,107813.3,0.00001255,buy,740867479
'2025-05-21 19:37:01.961,107813.5,0.00001674,buy,740867480
'2025-05-21 19:37:01.961,107813.8,0.00001026,buy,740867481
'2025-05-21 19:37:01.961,107814,0.01910062,buy,740867484
'2025-05-21 19:37:01.961,107814.2,0.00120436,buy,740867486
'2025-05-21 19:37:01.961,107814.3,0.00032538,buy,740867487
'2025-05-21 19:37:01.961,107814.5,0.00089,buy,740867488
'2025-05-21 19:37:01.961,107814.6,0.00058964,buy,740867498
'2025-05-21 19:37:01.961,107814.9,0.0000993,buy,740867500
'2025-05-21 19:37:01.961,107815.4,0.00031544,buy,740867501
'2025-05-21 19:37:01.961,107815.6,0.0001052,buy,740867502
'2025-05-21 19:37:01.961,107815.7,0.00001,buy,740867503
'2025-05-21 19:37:01.961,107815.9,0.00009502,buy,740867504
'2025-05-21 19:37:01.961,107816,0.00004839,buy,740867506
'2025-05-21 19:37:01.961,107816.2,0.00001108,buy,740867507
'2025-05-21 19:37:01.961,107816.3,0.00005453,buy,740867508
'2025-05-21 19:37:01.961,107816.4,0.00002512,buy,740867509
'2025-05-21 19:37:01.961,107816.5,0.001,buy,740867510
'2025-05-21 19:37:01.961,107816.6,0.00019865,buy,740867515
'2025-05-21 19:37:01.961,107816.9,0.00014244,buy,740867516
'2025-05-21 19:37:01.961,107817.9,0.0000443,buy,740867518
'2025-05-21 19:37:01.961,107818.1,0.00170297,buy,740867537
'2025-05-21 19:37:01.961,107818.4,0.00319393,buy,740867539
'2025-05-21 19:37:01.961,107818.8,0.00019406,buy,740867540
'2025-05-21 19:37:01.961,107819,0.00003289,buy,740867542
'2025-05-21 19:37:01.961,107819.1,0.00002031,buy,740867543
'2025-05-21 19:37:01.961,107819.2,0.00125222,buy,740867544
'2025-05-21 19:37:01.961,107819.3,0.00001,buy,740867545
'2025-05-21 19:37:01.961,107819.5,0.00001,buy,740867546
'2025-05-21 19:37:01.961,107819.9,0.00182,buy,740867547
'2025-05-21 19:37:01.961,107820,0.04267913,buy,740867553
'2025-05-21 19:37:01.961,107820.5,0.00008728,buy,740867556
'2025-05-21 19:37:01.961,107820.7,0.00003794,buy,740867557
'2025-05-21 19:37:01.961,107821.1,0.00036571,buy,740867559
'2025-05-21 19:37:01.961,107821.3,0.00434797,buy,740867560
'2025-05-21 19:37:01.961,107821.4,0.01358604,buy,740867562
'2025-05-21 19:37:01.961,107821.5,0.00005348,buy,740867563
'2025-05-21 19:37:01.961,107821.6,0.00004862,buy,740867564
'2025-05-21 19:37:01.961,107821.8,0.00003019,buy,740867566
'2025-05-21 19:37:01.961,107822,0.00014822,buy,740867567
'2025-05-21 19:37:01.961,107822.1,0.00024819,buy,740867568
'2025-05-21 19:37:01.961,107822.6,0.00004987,buy,740867569
'2025-05-21 19:37:01.961,107822.7,0.00006495,buy,740867571
'2025-05-21 19:37:01.961,107822.9,0.00001002,buy,740867572
'2025-05-21 19:37:01.961,107823,0.00001005,buy,740867573
'2025-05-21 19:37:01.961,107823.1,0.00001805,buy,740867574
'2025-05-21 19:37:01.961,107823.4,0.00004373,buy,740867576
'2025-05-21 19:37:01.961,107823.5,0.00147584,buy,740867579
'2025-05-21 19:37:01.961,107823.6,0.00004084,buy,740867583
'2025-05-21 19:37:01.961,107824.1,0.00013329,buy,740867588
'2025-05-21 19:37:01.961,107824.3,0.000548,buy,740867592
'2025-05-21 19:37:01.961,107824.5,0.00006192,buy,740867595
'2025-05-21 19:37:01.961,107824.8,0.00014568,buy,740867598
'2025-05-21 19:37:01.961,107825,0.0002727,buy,740867601
'2025-05-21 19:37:01.961,107825.3,0.00182,buy,740867602
'2025-05-21 19:37:01.961,107825.4,0.00052156,buy,740867605
'2025-05-21 19:37:01.961,107825.6,0.00001179,buy,740867606
'2025-05-21 19:37:01.961,107825.9,0.00006853,buy,740867608
'2025-05-21 19:37:01.961,107826,0.00054967,buy,740867612
'2025-05-21 19:37:01.961,107826.2,0.00001741,buy,740867613
'2025-05-21 19:37:01.961,107826.3,0.00545104,buy,740867614
'2025-05-21 19:37:01.961,107826.4,0.00002501,buy,740867616
'2025-05-21 19:37:01.961,107826.5,0.00001027,buy,740867617
'2025-05-21 19:37:01.961,107826.6,0.00002052,buy,740867618
'2025-05-21 19:37:01.961,107826.7,0.00001138,buy,740867619
'2025-05-21 19:37:01.961,107826.8,0.00002549,buy,740867621
'2025-05-21 19:37:01.961,107827,0.00002619,buy,740867622
'2025-05-21 19:37:01.961,107827.1,0.00002681,buy,740867624
'2025-05-21 19:37:01.961,107827.2,0.00005538,buy,740867629
'2025-05-21 19:37:01.961,107827.3,0.00005029,buy,740867631
'2025-05-21 19:37:01.961,107827.7,0.01855168,buy,740867632
'2025-05-21 19:37:01.972,107825.3,0.00005143,sell,740867633
'2025-05-21 19:37:01.973,107826,0.00001854,buy,740867634
'2025-05-21 19:37:01.986,107827.9,0.00007301,buy,740867635
'2025-05-21 19:37:01.986,107828,0.00036699,buy,740867641
'2025-05-21 19:37:01.988,107828,0.03464675,buy,740867643
'2025-05-21 19:37:01.988,107828.3,0.00002008,buy,740867644
'2025-05-21 19:37:01.988,107828.4,0.00476757,buy,740867645
'2025-05-21 19:37:01.988,107828.5,0.00002861,buy,740867646
'2025-05-21 19:37:01.988,107828.7,0.00009295,buy,740867647
'2025-05-21 19:37:01.988,107828.9,0.00002352,buy,740867649
'2025-05-21 19:37:01.991,107829.6,0.00001011,buy,740867650
'2025-05-21 19:37:01.991,107829.9,0.01715239,buy,740867654
'2025-05-21 19:37:01.991,107830,0.00088848,buy,740867659
'2025-05-21 19:37:01.991,107830.2,0.00030533,buy,740867660
'2025-05-21 19:37:01.991,107830.4,0.00001104,buy,740867661
'2025-05-21 19:37:01.991,107830.5,0.00009279,buy,740867662
'2025-05-21 19:37:01.991,107830.9,0.00927584,buy,740867663
'2025-05-21 19:37:01.991,107831,0.00001385,buy,740867664
'2025-05-21 19:37:01.991,107831.2,0.00001012,buy,740867665
'2025-05-21 19:37:01.991,107831.3,0.00001,buy,740867666
'2025-05-21 19:37:01.991,107831.5,0.00009171,buy,740867667
'2025-05-21 19:37:01.991,107831.7,0.00191275,buy,740867670
'2025-05-21 19:37:01.991,107831.9,0.00002799,buy,740867672
'2025-05-21 19:37:01.991,107832.1,0.00001154,buy,740867673
'2025-05-21 19:37:01.991,107832.2,0.00005924,buy,740867674
'2025-05-21 19:37:01.991,107832.5,0.00001085,buy,740867675
'2025-05-21 19:37:01.991,107832.6,0.000011,buy,740867676
'2025-05-21 19:37:01.991,107832.7,0.0000102,buy,740867677
'2025-05-21 19:37:01.991,107832.8,0.01121325,buy,740867678
'2025-05-21 19:37:01.991,107833.1,0.00012293,buy,740867682
'2025-05-21 19:37:01.991,107833.3,0.05625036,buy,740867691
'2025-05-21 19:37:01.995,107832.2,0.00115,buy,740867692
'2025-05-21 19:37:01.995,107832.2,0.00153,buy,740867693
'2025-05-21 19:37,107832.2,0.01372,buy,740867694
'2025-05-21 19:37,107833.6,0.00008905,buy,740867696
'2025-05-21 19:37,107833.8,0.00115382,buy,740867700
'2025-05-21 19:37,107833.9,0.0000128,buy,740867701
'2025-05-21 19:37,107834.1,0.00027433,buy,740867702
'2025-05-21 19:37:02.003,107833.6,0.00465,buy,740867703
'2025-05-21 19:37:02.007,107834.1,0.0012568,buy,740867704
'2025-05-21 19:37:02.007,107834.4,0.00001254,buy,740867705
'2025-05-21 19:37:02.007,107835,0.00001408,buy,740867706
'2025-05-21 19:37:02.007,107835.5,0.00001059,buy,740867707
'2025-05-21 19:37:02.007,107835.6,0.00001014,buy,740867708
'2025-05-21 19:37:02.007,107836,0.00463667,buy,740867709
'2025-05-21 19:37:02.013,107836,0.02563,buy,740867711
'2025-05-21 19:37:02.014,107836,0.01387,buy,740867712
'2025-05-21 19:37:02.014,107836,0.00939,buy,740867714
'2025-05-21 19:37:02.016,107836.1,0.00018903,buy,740867716
'2025-05-21 19:37:02.016,107836.2,0.0001408,buy,740867717
'2025-05-21 19:37:02.016,107836.3,0.00065017,buy,740867722
'2025-05-21 19:37:02.019,107836.3,0.00776,buy,740867723
'2025-05-21 19:37:02.020,107836.3,0.00032,buy,740867724
'2025-05-21 19:37:02.021,107836.3,0.00066,buy,740867725
'2025-05-21 19:37:02.021,107836.3,0.00098,buy,740867727
'2025-05-21 19:37:02.025,107836.3,0.00098,buy,740867728
'2025-05-21 19:37:02.077,107836.2,0.0128,sell,740867733
'2025-05-21 19:37:02.208,107836.2,0.001174,sell,740867734
'2025-05-21 19:37:02.602,107836.2,0.00035125,sell,740867736
'2025-05-21 19:37:02.607,107836.2,0.03417912,sell,740867738
'2025-05-21 19:37:02.607,107836.2,0.20005602,sell,740867739
'2025-05-21 19:37:02.608,107836.2,0.17702513,sell,740867742
'2025-05-21 19:37:02.617,107830,0.00001,sell,740867743
'2025-05-21 19:37:02.750,107822.2,0.14505101,sell,740867745
'2025-05-21 19:37:02.751,107822.2,0.14196498,sell,740867748
'2025-05-21 19:37:02.777,107822.2,0.05355355,sell,740867749
'2025-05-21 19:37:02.777,107822.2,0.07169585,sell,740867750
'2025-05-21 19:37:02.787,107820,0.00080242,sell,740867753
'2025-05-21 19:37:03.398,107818,0.10458557,sell,740867758
'2025-05-21 19:37:03.398,107818,0.16416217,sell,740867759
'2025-05-21 19:37:03.398,107818,0.17663472,sell,740867760
'2025-05-21 19:37:03.398,107817,0.01,sell,740867761
'2025-05-21 19:37:03.400,107815.8,0.0164,sell,740867762
'2025-05-21 19:37:03.417,107810,0.00080242,sell,740867765
'2025-05-21 19:37:03.692,107807.7,0.0000465,sell,740867766
'2025-05-21 19:37:04.213,107807.7,0.003622,sell,740867767
'2025-05-21 19:37:04.273,107807.7,0.1161588,sell,740867770
'2025-05-21 19:37:04.273,107807.1,0.00741634,sell,740867771
'2025-05-21 19:37:04.277,107806.3,0.00022347,sell,740867772
'2025-05-21 19:37:04.411,107804.1,0.00093,buy,740867774
'2025-05-21 19:37:04.630,107804,0.005,sell,740867775
'2025-05-21 19:37:04.712,107804.1,0.00193431,buy,740867776
'2025-05-21 19:37:04.776,107804,0.02,sell,740867778
'2025-05-21 19:37:04.787,107804,0.00018,sell,740867779
'2025-05-21 19:37:04.851,107800,0.001,sell,740867783
'2025-05-21 19:37:05.285,107800.1,0.00090034,buy,740867784
'2025-05-21 19:37:05.410,107800,0.00058632,sell,740867785
'2025-05-21 19:37:05.581,107800.1,0.00004636,buy,740867786
'2025-05-21 19:37:05.587,107804.1,0.00004638,buy,740867787
'2025-05-21 19:37:05.832,107807.8,0.00736034,buy,740867795
'2025-05-21 19:37:05.838,107809.5,0.0005,buy,740867796
'2025-05-21 19:37:06.862,107810,0.00384218,buy,740867800
'2025-05-21 19:37:06.867,107818.1,0.00089,buy,740867801
'2025-05-21 19:37:06.945,107820,0.02860242,buy,740867805
'2025-05-21 19:37:06.945,107822,0.0185,buy,740867806
'2025-05-21 19:37:06.945,107822.8,0.00001,buy,740867807
'2025-05-21 19:37:06.945,107824,0.0185,buy,740867808
'2025-05-21 19:37:06.945,107826.1,0.00088758,buy,740867809
'2025-05-21 19:37:06.945,107826.1,0.00000242,buy,740867810
'2025-05-21 19:37:06.950,107826.6,0.06023874,buy,740867811
'2025-05-21 19:37:06.950,107826.6,0.05220457,buy,740867812
'2025-05-21 19:37:06.954,107826.6,0.13071122,buy,740867813
'2025-05-21 19:37:06.954,107829.9,0.01237869,buy,740867815
'2025-05-21 19:37:06.957,107830,0.00080243,buy,740867819
'2025-05-21 19:37:06.957,107830,0.00080243,buy,740867820
'2025-05-21 19:37:06.968,107833.5,0.00026028,buy,740867821
'2025-05-21 19:37:06.969,107833.5,0.00026028,buy,740867822
'2025-05-21 19:37:06.974,107833.5,0.00001001,buy,740867823
'2025-05-21 19:37:06.974,107833.5,0.00001001,buy,740867824
'2025-05-21 19:37:07.379,107833.5,0.22018277,buy,740867827
'2025-05-21 19:37:07.379,107836,0.0185,buy,740867828
'2025-05-21 19:37:07.379,107836.3,0.05100322,buy,740867832
'2025-05-21 19:37:07.379,107836.4,0.00003592,buy,740867833
'2025-05-21 19:37:07.379,107837,0.00003512,buy,740867834
'2025-05-21 19:37:07.379,107837.1,0.00098136,buy,740867847
'2025-05-21 19:37:07.379,107837.5,0.00002042,buy,740867848
'2025-05-21 19:37:07.379,107837.8,0.00209608,buy,740867849
'2025-05-21 19:37:07.379,107837.9,0.00090295,buy,740867851
'2025-05-21 19:37:07.379,107838,0.01851783,buy,740867853
'2025-05-21 19:37:07.379,107838.1,0.00001191,buy,740867854
'2025-05-21 19:37:07.379,107838.2,0.00001125,buy,740867855
'2025-05-21 19:37:07.379,107838.3,0.00007842,buy,740867857
'2025-05-21 19:37:07.379,107838.4,0.0001041,buy,740867859
'2025-05-21 19:37:07.379,107838.5,0.0000743,buy,740867861
'2025-05-21 19:37:07.379,107838.7,0.00004309,buy,740867862
'2025-05-21 19:37:07.379,107838.8,0.00021862,buy,740867865
'2025-05-21 19:37:07.379,107838.9,0.00131312,buy,740867877
'2025-05-21 19:37:07.379,107839.3,0.00009,buy,740867878
'2025-05-21 19:37:07.379,107839.6,0.00090746,buy,740867880
'2025-05-21 19:37:07.379,107839.8,0.00002737,buy,740867881
'2025-05-21 19:37:07.379,107839.9,0.00039733,buy,740867883
'2025-05-21 19:37:07.379,107840,0.00324886,buy,740867899
'2025-05-21 19:37:07.379,107840.4,0.00021617,buy,740867901
'2025-05-21 19:37:07.379,107840.5,0.00001023,buy,740867902
'2025-05-21 19:37:07.379,107840.6,0.00034741,buy,740867904
'2025-05-21 19:37:07.379,107840.8,0.00001021,buy,740867905
'2025-05-21 19:37:07.379,107840.9,0.00011806,buy,740867906
'2025-05-21 19:37:07.379,107841.4,0.00332452,buy,740867909
'2025-05-21 19:37:07.379,107841.6,0.00090051,buy,740867911
'2025-05-21 19:37:07.379,107841.9,0.0000261,buy,740867912
'2025-05-21 19:37:07.379,107842.1,0.00027259,buy,740867915
'2025-05-21 19:37:07.379,107842.4,0.00022979,buy,740867917
'2025-05-21 19:37:07.382,107842.6,0.00024649,buy,740867919
'2025-05-21 19:37:07.382,107842.9,0.0001279,buy,740867929
'2025-05-21 19:37:07.382,107843.1,0.00003192,buy,740867930
'2025-05-21 19:37:07.382,107843.3,0.00002667,buy,740867931
'2025-05-21 19:37:07.382,107843.9,0.00001366,buy,740867932
'2025-05-21 19:37:07.382,107844.1,0.00001141,buy,740867933
'2025-05-21 19:37:07.382,107844.2,0.00001,buy,740867934
'2025-05-21 19:37:07.382,107844.3,0.00017736,buy,740867936
'2025-05-21 19:37:07.382,107845,0.00010325,buy,740867937
'2025-05-21 19:37:07.382,107845.2,0.0000221,buy,740867938
'2025-05-21 19:37:07.382,107845.3,0.00001651,buy,740867939
'2025-05-21 19:37:07.382,107845.5,0.00006447,buy,740867940
'2025-05-21 19:37:07.382,107845.7,0.0000551,buy,740867941
'2025-05-21 19:37:07.382,107845.8,0.00005035,buy,740867944
'2025-05-21 19:37:07.382,107845.9,0.00013037,buy,740867945
'2025-05-21 19:37:07.382,107846.1,0.00012606,buy,740867948
'2025-05-21 19:37:07.382,107846.5,0.00005567,buy,740867949
'2025-05-21 19:37:07.382,107846.6,0.00067037,buy,740867954
'2025-05-21 19:37:07.383,107846.7,0.00007797,buy,740867958
'2025-05-21 19:37:07.383,107846.8,0.00001005,buy,740867959
'2025-05-21 19:37:07.383,107847,0.00285563,buy,740867961
'2025-05-21 19:37:07.383,107847.7,0.00025051,buy,740867964
'2025-05-21 19:37:07.383,107848.6,0.00010078,buy,740867968
'2025-05-21 19:37:07.383,107849.2,0.00065089,buy,740867970
'2025-05-21 19:37:07.383,107849.3,0.00001016,buy,740867971
'2025-05-21 19:37:07.383,107849.4,0.00127075,buy,740867977
'2025-05-21 19:37:07.383,107849.5,0.00001045,buy,740867978
'2025-05-21 19:37:07.383,107849.8,0.00001215,buy,740867979
'2025-05-21 19:37:07.383,107849.9,0.00087507,buy,740867980
'2025-05-21 19:37:07.383,107850,0.03618483,buy,740868002
'2025-05-21 19:37:07.383,107851.2,0.00002046,buy,740868004
'2025-05-21 19:37:07.383,107851.3,0.00003846,buy,740868006
'2025-05-21 19:37:07.383,107851.4,0.00004559,buy,740868007
'2025-05-21 19:37:07.383,107851.7,0.00017157,buy,740868012
'2025-05-21 19:37:07.383,107852.4,0.00253729,buy,740868014
'2025-05-21 19:37:07.383,107852.6,0.00002984,buy,740868015
'2025-05-21 19:37:07.383,107852.9,0.00004818,buy,740868018
'2025-05-21 19:37:07.383,107853,0.00152197,buy,740868019
'2025-05-21 19:37:07.383,107853.1,0.00434283,buy,740868022
'2025-05-21 19:37:07.383,107853.2,0.00003068,buy,740868023
'2025-05-21 19:37:07.383,107853.3,0.00030069,buy,740868025
'2025-05-21 19:37:07.383,107853.7,0.00001626,buy,740868026
'2025-05-21 19:37:07.383,107853.9,0.00230222,buy,740868027
'2025-05-21 19:37:07.383,107854.4,0.0000323,buy,740868028
'2025-05-21 19:37:07.383,107854.5,0.00026532,buy,740868030
'2025-05-21 19:37:07.383,107854.8,0.00023678,buy,740868032
'2025-05-21 19:37:07.383,107854.9,0.00001,buy,740868033
'2025-05-21 19:37:07.383,107855,0.01009424,buy,740868035
'2025-05-21 19:37:07.383,107855.1,0.00012269,buy,740868036
'2025-05-21 19:37:07.383,107855.2,0.00028302,buy,740868037
'2025-05-21 19:37:07.383,107855.5,0.00375056,buy,740868039
'2025-05-21 19:37:07.383,107855.6,0.00003073,buy,740868041
'2025-05-21 19:37:07.383,107856.2,0.0006382,buy,740868043
'2025-05-21 19:37:07.383,107856.5,0.00861037,buy,740868045
'2025-05-21 19:37:07.383,107856.6,0.00138119,buy,740868047
'2025-05-21 19:37:07.383,107856.8,0.00029761,buy,740868048
'2025-05-21 19:37:07.383,107857.1,0.02469435,buy,740868082
'2025-05-21 19:37:07.383,107857.5,0.00001161,buy,740868083
'2025-05-21 19:37:07.383,107857.8,0.0037,buy,740868084
'2025-05-21 19:37:07.383,107857.9,0.0000166,buy,740868085
'2025-05-21 19:37:07.383,107858.1,0.00014457,buy,740868088
'2025-05-21 19:37:07.383,107858.6,0.00078285,buy,740868089
'2025-05-21 19:37:07.383,107858.9,0.00001102,buy,740868090
'2025-05-21 19:37:07.383,107859,0.00003268,buy,740868091
'2025-05-21 19:37:07.383,107859.1,0.00012586,buy,740868094
'2025-05-21 19:37:07.383,107859.3,0.0001087,buy,740868095
'2025-05-21 19:37:07.383,107859.4,0.00553763,buy,740868099
'2025-05-21 19:37:07.383,107859.5,0.00001004,buy,740868100
'2025-05-21 19:37:07.383,107859.6,0.00006425,buy,740868102
'2025-05-21 19:37:07.383,107859.7,0.00004971,buy,740868104
'2025-05-21 19:37:07.383,107859.8,0.00001026,buy,740868105
'2025-05-21 19:37:07.383,107859.9,0.00006,buy,740868106
'2025-05-21 19:37:07.383,107860,0.00129835,buy,740868111
'2025-05-21 19:37:07.383,107860.6,0.00915405,buy,740868112
'2025-05-21 19:37:07.383,107860.6,0.02216096,buy,740868113
'2025-05-21 19:37:07.383,107861,0.0046453,buy,740868114
'2025-05-21 19:37:07.383,107861.1,0.00003062,buy,740868115
'2025-05-21 19:37:07.383,107862,0.0002731,buy,740868120
'2025-05-21 19:37:07.383,107862.1,0.02177585,buy,740868133
'2025-05-21 19:37:07.384,107862.1,0.03118009,buy,740868134
'2025-05-21 19:37:07.384,107862.3,0.00021007,buy,740868136
'2025-05-21 19:37:07.384,107862.7,0.06,buy,740868138
'2025-05-21 19:37:07.384,107862.8,0.00013447,buy,740868140
'2025-05-21 19:37:07.384,107862.9,0.00040554,buy,740868141
'2025-05-21 19:37:07.384,107863.6,0.00005495,buy,740868142
'2025-05-21 19:37:07.384,107863.7,0.00001,buy,740868143
'2025-05-21 19:37:07.384,107864.1,0.00483874,buy,740868144
'2025-05-21 19:37:07.384,107864.4,0.00001293,buy,740868145
'2025-05-21 19:37:07.384,107864.5,0.00001037,buy,740868146
'2025-05-21 19:37:07.384,107864.7,0.02809771,buy,740868147
'2025-05-21 19:37:07.384,107864.8,0.0069753,buy,740868151
'2025-05-21 19:37:07.384,107864.8,0.02089437,buy,740868152
'2025-05-21 19:37:07.384,107865.4,0.00059626,buy,740868153
'2025-05-21 19:37:07.384,107865.5,0.00017762,buy,740868155
'2025-05-21 19:37:07.384,107865.8,0.13680707,buy,740868157
'2025-05-21 19:37:07.384,107866,0.00202817,buy,740868164
'2025-05-21 19:37:07.384,107866.1,0.00003227,buy,740868165
'2025-05-21 19:37:07.384,107866.3,0.00010283,buy,740868166
'2025-05-21 19:37:07.384,107866.4,0.00010281,buy,740868167
'2025-05-21 19:37:07.384,107866.6,0.07454072,buy,740868186
'2025-05-21 19:37:07.384,107866.8,0.036,buy,740868187
'2025-05-21 19:37:07.384,107866.9,0.00002026,buy,740868188
'2025-05-21 19:37:07.384,107867,0.03301732,buy,740868190
'2025-05-21 19:37:07.384,107867.1,0.00021594,buy,740868191
'2025-05-21 19:37:07.384,107867.2,0.042,buy,740868192
'2025-05-21 19:37:07.384,107867.3,0.0004918,buy,740868196
'2025-05-21 19:37:07.384,107867.4,0.00022523,buy,740868198
'2025-05-21 19:37:07.384,107867.7,0.0092678,buy,740868199
'2025-05-21 19:37:07.385,107868.5,0.00003007,buy,740868201
'2025-05-21 19:37:07.385,107868.7,0.00043505,buy,740868204
'2025-05-21 19:37:07.385,107868.8,0.00008257,buy,740868209
'2025-05-21 19:37:07.385,107869,0.03016219,buy,740868210
'2025-05-21 19:37:07.386,107869,0.00583781,buy,740868211
'2025-05-21 19:37:07.386,107869.1,0.00001,buy,740868212
'2025-05-21 19:37:07.386,107869.2,0.00001238,buy,740868213
'2025-05-21 19:37:07.386,107869.4,0.00374085,buy,740868215
'2025-05-21 19:37:07.386,107869.5,0.00013538,buy,740868217
'2025-05-21 19:37:07.387,107869.8,0.00045368,buy,740868218
'2025-05-21 19:37:07.387,107869.9,0.00014011,buy,740868220
'2025-05-21 19:37:07.387,107870,0.00079242,buy,740868222
'2025-05-21 19:37:07.387,107870.3,0.00022398,buy,740868228
'2025-05-21 19:37:07.387,107870.6,0.0243521,buy,740868231
'2025-05-21 19:37:07.387,107870.6,0.01575721,buy,740868232
'2025-05-21 19:37:07.387,107870.8,0.00696574,buy,740868233
'2025-05-21 19:37:07.389,107870.8,0.02113039,buy,740868234
'2025-05-21 19:37:07.389,107870.9,0.00057907,buy,740868235
'2025-05-21 19:37:07.389,107871.1,0.01077538,buy,740868236
'2025-05-21 19:37:07.389,107871.5,0.00020396,buy,740868240
'2025-05-21 19:37:07.389,107871.9,0.00001623,buy,740868241
'2025-05-21 19:37:07.389,107872.2,0.00077365,buy,740868242
'2025-05-21 19:37:07.389,107872.2,0.00443544,buy,740868244
'2025-05-21 19:37:07.389,107872.4,0.00005979,buy,740868246
'2025-05-21 19:37:07.389,107872.6,0.00039542,buy,740868250
'2025-05-21 19:37:07.389,107873,0.00032134,buy,740868251
'2025-05-21 19:37:07.390,107873,0.04502194,buy,740868252
'2025-05-21 19:37:07.390,107873.3,0.00009556,buy,740868253
'2025-05-21 19:37:07.390,107873.6,0.00011977,buy,740868254
'2025-05-21 19:37:07.390,107874,0.0030913,buy,740868257
'2025-05-21 19:37:07.390,107874.1,0.00010094,buy,740868258
'2025-05-21 19:37:07.390,107874.2,0.00772839,buy,740868263
'2025-05-21 19:37:07.390,107874.8,0.00002113,buy,740868265
'2025-05-21 19:37:07.390,107874.9,0.00003687,buy,740868266
'2025-05-21 19:37:07.390,107875,0.0005418,buy,740868274
'2025-05-21 19:37:07.390,107875.1,0.00001526,buy,740868275
'2025-05-21 19:37:07.390,107875.6,0.00004743,buy,740868277
'2025-05-21 19:37:07.390,107875.8,0.00001038,buy,740868278
'2025-05-21 19:37:07.390,107876,0.00003432,buy,740868279
'2025-05-21 19:37:07.390,107876.2,0.00001,buy,740868280
'2025-05-21 19:37:07.390,107876.4,0.00003284,buy,740868282
'2025-05-21 19:37:07.390,107876.6,0.00294907,buy,740868283
'2025-05-21 19:37:07.390,107876.8,0.00003953,buy,740868284
'2025-05-21 19:37:07.391,107857.1,0.08079,buy,740868285
'2025-05-21 19:37:07.392,107877,0.0001047,buy,740868286
'2025-05-21 19:37:07.392,107877.6,0.00054307,buy,740868287
'2025-05-21 19:37:07.392,107878.1,0.00002183,buy,740868288
'2025-05-21 19:37:07.392,107878.5,0.00011763,buy,740868289
'2025-05-21 19:37:07.392,107878.6,0.00264615,buy,740868292
'2025-05-21 19:37:07.392,107878.7,0.00043192,buy,740868298
'2025-05-21 19:37:07.393,107878.9,0.00005838,buy,740868299
'2025-05-21 19:37:07.393,107879,0.00003345,buy,740868301
'2025-05-21 19:37:07.393,107879.6,0.00006201,buy,740868302
'2025-05-21 19:37:07.393,107879.8,0.00001,buy,740868303
'2025-05-21 19:37:07.393,107879.9,0.000531,buy,740868310
'2025-05-21 19:37:07.393,107880,0.02081216,buy,740868322
'2025-05-21 19:37:07.393,107880.2,0.00002206,buy,740868323
'2025-05-21 19:37:07.393,107880.3,0.0001922,buy,740868324
'2025-05-21 19:37:07.393,107880.8,0.00003004,buy,740868325
'2025-05-21 19:37:07.393,107881,0.00006516,buy,740868328
'2025-05-21 19:37:07.393,107881.1,0.00007272,buy,740868330
'2025-05-21 19:37:07.393,107881.4,0.00191,buy,740868332
'2025-05-21 19:37:07.393,107881.6,0.00002057,buy,740868333
'2025-05-21 19:37:07.393,107881.9,0.00001018,buy,740868334
'2025-05-21 19:37:07.393,107882.1,0.0001015,buy,740868335
'2025-05-21 19:37:07.393,107882.3,0.00188013,buy,740868342
'2025-05-21 19:37:07.393,107882.4,0.00020318,buy,740868345
'2025-05-21 19:37:07.393,107882.5,0.00007128,buy,740868347
'2025-05-21 19:37:07.393,107882.6,0.00001212,buy,740868348
'2025-05-21 19:37:07.393,107883.1,0.00036728,buy,740868349
'2025-05-21 19:37:07.393,107883.3,0.00095575,buy,740868352
'2025-05-21 19:37:07.393,107883.4,0.00127781,buy,740868363
'2025-05-21 19:37:07.393,107883.5,0.00307093,buy,740868366
'2025-05-21 19:37:07.393,107883.6,0.00002072,buy,740868368
'2025-05-21 19:37:07.393,107884,0.00019774,buy,740868371
'2025-05-21 19:37:07.393,107884.1,0.00001389,buy,740868372
'2025-05-21 19:37:07.393,107884.3,0.00111812,buy,740868377
'2025-05-21 19:37:07.393,107884.4,0.00070967,buy,740868378
'2025-05-21 19:37:07.393,107885.2,0.00001241,buy,740868379
'2025-05-21 19:37:07.393,107885.4,0.00024433,buy,740868380
'2025-05-21 19:37:07.393,107885.7,0.00058098,buy,740868383
'2025-05-21 19:37:07.393,107885.8,0.00001639,buy,740868384
'2025-05-21 19:37:07.393,107886.2,0.00023854,buy,740868386
'2025-05-21 19:37:07.393,107886.3,0.00007105,buy,740868387
'2025-05-21 19:37:07.393,107886.4,0.0000103,buy,740868388
'2025-05-21 19:37:07.393,107886.6,0.05151375,buy,740868392
'2025-05-21 19:37:07.393,107886.9,0.00001,buy,740868393
'2025-05-21 19:37:07.394,107887.2,0.00961569,buy,740868395
'2025-05-21 19:37:07.394,107887.3,0.00004396,buy,740868397
'2025-05-21 19:37:07.394,107887.5,0.00005552,buy,740868400
'2025-05-21 19:37:07.394,107887.7,0.00004912,buy,740868404
'2025-05-21 19:37:07.394,107887.8,0.00001147,buy,740868405
'2025-05-21 19:37:07.394,107887.9,0.00001664,buy,740868406
'2025-05-21 19:37:07.394,107888,0.04501323,buy,740868408
'2025-05-21 19:37:07.395,107888.3,0.0008131,buy,740868409
'2025-05-21 19:37:07.395,107888.4,0.00002031,buy,740868411
'2025-05-21 19:37:07.395,107888.6,0.00004647,buy,740868413
'2025-05-21 19:37:07.395,107888.7,0.00012963,buy,740868414
'2025-05-21 19:37:07.395,107888.8,0.00038796,buy,740868418
'2025-05-21 19:37:07.395,107888.9,0.00019458,buy,740868423
'2025-05-21 19:37:07.395,107889,0.00216559,buy,740868425
'2025-05-21 19:37:07.395,107889.3,0.00028082,buy,740868426
'2025-05-21 19:37:07.395,107889.5,0.0000131,buy,740868427
'2025-05-21 19:37:07.395,107889.7,0.00010856,buy,740868429
'2025-05-21 19:37:07.395,107889.9,0.00002,buy,740868430
'2025-05-21 19:37:07.395,107890,0.00079242,buy,740868432
'2025-05-21 19:37:07.395,107890.1,0.00007383,buy,740868434
'2025-05-21 19:37:07.395,107890.3,0.00001,buy,740868435
'2025-05-21 19:37:07.395,107890.4,0.00001005,buy,740868436
'2025-05-21 19:37:07.395,107890.6,0.00044666,buy,740868437
'2025-05-21 19:37:07.395,107890.9,0.00057291,buy,740868440
'2025-05-21 19:37:07.395,107891,0.00075804,buy,740868441
'2025-05-21 19:37:07.395,107892.6,0.00019508,buy,740868442
'2025-05-21 19:37:07.395,107892.7,0.00004231,buy,740868444
'2025-05-21 19:37:07.395,107893.1,0.00167599,buy,740868451
'2025-05-21 19:37:07.395,107893.3,0.00003124,buy,740868453
'2025-05-21 19:37:07.395,107893.6,0.00028137,buy,740868454
'2025-05-21 19:37:07.395,107893.7,0.00002948,buy,740868455
'2025-05-21 19:37:07.395,107893.8,0.00159385,buy,740868456
'2025-05-21 19:37:07.395,107893.9,0.00004799,buy,740868459
'2025-05-21 19:37:07.395,107894,0.00037,buy,740868461
'2025-05-21 19:37:07.396,107892.2,0.13704659,buy,740868462
'2025-05-21 19:37:07.396,107894.4,0.02295341,buy,740868464
'2025-05-21 19:37:07.396,107894.4,0.08,buy,740868465
'2025-05-21 19:37:07.396,107894.4,0.04,buy,740868466
'2025-05-21 19:37:07.398,107894.4,0.00901929,buy,740868467
'2025-05-21 19:37:07.399,107894.4,0.03305849,buy,740868468
'2025-05-21 19:37:07.399,107894.4,0.02086677,buy,740868469
'2025-05-21 19:37:07.399,107894.4,0.01903577,buy,740868470
'2025-05-21 19:37:07.402,107894.4,0.01572759,buy,740868471
'2025-05-21 19:37:07.402,107894.7,0.04527241,buy,740868473
'2025-05-21 19:37:07.402,107894.7,0.00066138,buy,740868474
'2025-05-21 19:37:07.408,107894.7,0.01201251,buy,740868475
'2025-05-21 19:37:07.409,107893.7,0.0001,buy,740868476
'2025-05-21 19:37:07.409,107893.7,0.01103606,buy,740868477
'2025-05-21 19:37:07.409,107894.7,0.02206394,buy,740868478
'2025-05-21 19:37:07.410,107894.7,0.01999988,buy,740868479
'2025-05-21 19:37:07.410,107888.7,0.01082972,buy,740868480
'2025-05-21 19:37:07.411,107888.7,0.0258,buy,740868481
'2025-05-21 19:37:07.413,107886.5,0.00788267,buy,740868482
'2025-05-21 19:37:07.414,107888.2,0.00025027,buy,740868483
'2025-05-21 19:37:07.414,107890,0.00001,buy,740868484
'2025-05-21 19:37:07.415,107888.9,0.02446849,sell,740868487
'2025-05-21 19:37:07.415,107888.2,0.02504987,sell,740868488
'2025-05-21 19:37:07.415,107879.8,0.02441796,sell,740868489
'2025-05-21 19:37:07.415,107877.8,0.28192057,sell,740868490
'2025-05-21 19:37:07.415,107874,0.2475,sell,740868491
'2025-05-21 19:37:07.415,107873.1,0.28192057,sell,740868492
'2025-05-21 19:37:07.415,107871.2,0.13356,sell,740868493
'2025-05-21 19:37:07.415,107870,0.0185,sell,740868494
'2025-05-21 19:37:07.415,107868.6,0.31874554,sell,740868514
'2025-05-21 19:37:07.417,107891.9,0.08079,buy,740868515
'2025-05-21 19:37:07.417,107895,0.00018,buy,740868516
'2025-05-21 19:37:07.417,107895.2,0.00018199,buy,740868517
'2025-05-21 19:37:07.417,107895.7,0.00144892,buy,740868519
'2025-05-21 19:37:07.417,107895.8,0.00240713,buy,740868521
'2025-05-21 19:37:07.417,107895.9,0.0001424,buy,740868522
'2025-05-21 19:37:07.417,107896,0.00001076,buy,740868523
'2025-05-21 19:37:07.417,107896.1,0.00035675,buy,740868524
'2025-05-21 19:37:07.417,107896.3,0.00346893,buy,740868528
'2025-05-21 19:37:07.417,107896.4,0.00001006,buy,740868529
'2025-05-21 19:37:07.417,107896.6,0.00001957,buy,740868530
'2025-05-21 19:37:07.417,107896.8,0.00178349,buy,740868531
'2025-05-21 19:37:07.420,107896.8,0.00075348,buy,740868533
'2025-05-21 19:37:07.420,107896.9,0.00002914,buy,740868534
'2025-05-21 19:37:07.420,107897,0.00001091,buy,740868535
'2025-05-21 19:37:07.420,107897.1,0.00001226,buy,740868536
'2025-05-21 19:37:07.420,107897.2,0.00004874,buy,740868538
'2025-05-21 19:37:07.420,107897.5,0.00038395,buy,740868539
'2025-05-21 19:37:07.420,107897.6,0.00001,buy,740868540
'2025-05-21 19:37:07.422,107894.6,0.00515317,buy,740868541
'2025-05-21 19:37:07.425,107894.3,0.00185396,buy,740868542
'2025-05-21 19:37:07.425,107894.6,0.00287399,buy,740868543
'2025-05-21 19:37:07.425,107894.6,0.01042281,buy,740868544
'2025-05-21 19:37:07.426,107894.6,0.00679434,buy,740868545
'2025-05-21 19:37:07.426,107894.6,0.02877509,buy,740868547
'2025-05-21 19:37:07.427,107894.6,0.02043319,buy,740868549
'2025-05-21 19:37:07.427,107894.6,0.00365905,buy,740868550
'2025-05-21 19:37:07.427,107894.6,0.00469023,buy,740868552
'2025-05-21 19:37:07.427,107897.8,0.00039652,buy,740868553
'2025-05-21 19:37:07.427,107897.9,0.00001008,buy,740868554
'2025-05-21 19:37:07.427,107898.4,0.00002759,buy,740868555
'2025-05-21 19:37:07.427,107899,0.00016885,buy,740868557
'2025-05-21 19:37:07.427,107899.1,0.00001,buy,740868558
'2025-05-21 19:37:07.427,107899.3,0.00190948,buy,740868559
'2025-05-21 19:37:07.427,107899.4,0.00004638,buy,740868560
'2025-05-21 19:37:07.427,107899.6,0.00047585,buy,740868563
'2025-05-21 19:37:07.427,107899.9,0.00284409,buy,740868569
'2025-05-21 19:37:07.427,107900,0.01364257,buy,740868622
'2025-05-21 19:37:07.427,107900,0.09086085,buy,740868623
'2025-05-21 19:37:07.427,107900,0.01306419,buy,740868625
'2025-05-21 19:37:07.429,107895.6,0.00256411,buy,740868626
'2025-05-21 19:37:07.430,107895.6,0.00342506,buy,740868627
'2025-05-21 19:37:07.442,107894.7,0.00046,sell,740868628
'2025-05-21 19:37:07.448,107894.7,0.116,sell,740868629
'2025-05-21 19:37:07.449,107894.7,0.116,sell,740868631
'2025-05-21 19:37:07.449,107899.6,0.01391166,buy,740868632
'2025-05-21 19:37:07.451,107899.6,0.001,buy,740868633
'2025-05-21 19:37:07.462,107899.6,0.01835571,sell,740868634
'2025-05-21 19:37:07.464,107900,0.03377982,buy,740868637
'2025-05-21 19:37:07.464,107900.1,0.00350133,buy,740868645
'2025-05-21 19:37:07.464,107900.4,0.00005559,buy,740868648
'2025-05-21 19:37:07.466,107899.9,0.06819,buy,740868649
'2025-05-21 19:37:07.467,107899.9,0.07704,buy,740868650
'2025-05-21 19:37:07.471,107899.9,0.00001853,buy,740868651
'2025-05-21 19:37:07.478,107899.8,0.116,sell,740868652
'2025-05-21 19:37:07.481,107899.9,0.00004633,buy,740868653
'2025-05-21 19:37:07.493,107900.9,0.00703607,sell,740868654
'2025-05-21 19:37:07.495,107900.9,0.005,sell,740868655
'2025-05-21 19:37:07.502,107901,0.00001853,buy,740868656
'2025-05-21 19:37:07.520,107900.9,0.01,sell,740868657
'2025-05-21 19:37:07.539,107901,0.20352919,buy,740868660
'2025-05-21 19:37:07.539,107901.1,0.00002435,buy,740868662
'2025-05-21 19:37:07.539,107901.2,0.0000894,buy,740868663
'2025-05-21 19:37:07.539,107901.3,0.00001539,buy,740868664
'2025-05-21 19:37:07.539,107901.4,0.00001261,buy,740868665
'2025-05-21 19:37:07.539,107901.6,0.00112698,buy,740868666
'2025-05-21 19:37:07.539,107901.9,0.00002273,buy,740868667
'2025-05-21 19:37:07.539,107902,0.0000123,buy,740868668
'2025-05-21 19:37:07.539,107902.8,0.00021902,buy,740868669
'2025-05-21 19:37:07.539,107903.1,0.00009488,buy,740868670
'2025-05-21 19:37:07.539,107903.6,0.0008623,buy,740868672
'2025-05-21 19:37:07.539,107903.7,0.00179286,buy,740868684
'2025-05-21 19:37:07.539,107903.8,0.00003379,buy,740868685
'2025-05-21 19:37:07.539,107904.3,0.00012106,buy,740868687
'2025-05-21 19:37:07.539,107904.4,0.00028793,buy,740868688
'2025-05-21 19:37:07.539,107904.7,0.00001,buy,740868689
'2025-05-21 19:37:07.539,107904.9,0.00009972,buy,740868691
'2025-05-21 19:37:07.539,107905,0.00192488,buy,740868692
'2025-05-21 19:37:07.539,107905.3,0.00051306,buy,740868693
'2025-05-21 19:37:07.539,107906.1,0.00007759,buy,740868695
'2025-05-21 19:37:07.539,107906.2,0.00003152,buy,740868697
'2025-05-21 19:37:07.539,107906.5,0.00008146,buy,740868698
'2025-05-21 19:37:07.539,107906.6,0.00002614,buy,740868699
'2025-05-21 19:37:07.539,107906.9,0.00004388,buy,740868702
'2025-05-21 19:37:07.539,107907.1,0.00001023,buy,740868703
'2025-05-21 19:37:07.539,107907.3,0.00025423,buy,740868704
'2025-05-21 19:37:07.539,107907.5,0.00024988,buy,740868705
'2025-05-21 19:37:07.539,107907.6,0.00018452,buy,740868706
'2025-05-21 19:37:07.539,107907.7,0.00001004,buy,740868707
'2025-05-21 19:37:07.565,107908,0.000371,sell,740868708
'2025-05-21 19:37:07.569,107908.1,0.03716716,buy,740868712
'2025-05-21 19:37:07.571,107908.8,0.00010616,sell,740868713
'2025-05-21 19:37:07.638,107908.9,0.40270021,buy,740868719
'2025-05-21 19:37:07.638,107909,0.00050082,buy,740868724
'2025-05-21 19:37:07.638,107909.1,0.00006016,buy,740868725
'2025-05-21 19:37:07.638,107909.3,0.00001006,buy,740868726
'2025-05-21 19:37:07.638,107910,0.00603991,buy,740868731
'2025-05-21 19:37:07.638,107910.2,0.00004253,buy,740868733
'2025-05-21 19:37:07.760,107910.4,0.00054356,sell,740868735
'2025-05-21 19:37:07.764,107910.4,0.00044614,sell,740868736
'2025-05-21 19:37:07.794,107910.5,0.00052241,buy,740868738
'2025-05-21 19:37:07.794,107910.6,0.00006174,buy,740868739
'2025-05-21 19:37:07.794,107910.7,0.00338392,buy,740868742
'2025-05-21 19:37:07.794,107910.8,0.00186263,buy,740868743
'2025-05-21 19:37:07.794,107911,0.00004075,buy,740868745
'2025-05-21 19:37:07.794,107911.4,0.00415751,buy,740868746
'2025-05-21 19:37:07.794,107911.7,0.00003899,buy,740868748
'2025-05-21 19:37:07.794,107911.8,0.00001022,buy,740868749
'2025-05-21 19:37:07.794,107911.9,0.00001688,buy,740868750
'2025-05-21 19:37:07.794,107912.4,0.00001138,buy,740868751
'2025-05-21 19:37:07.794,107912.5,0.00013686,buy,740868752
'2025-05-21 19:37:07.794,107912.6,0.00148037,buy,740868753
'2025-05-21 19:37:07.794,107912.8,0.00001016,buy,740868754
'2025-05-21 19:37:07.794,107913,0.0001678,buy,740868757
'2025-05-21 19:37:07.794,107913.2,0.00058844,buy,740868758
'2025-05-21 19:37:07.794,107913.3,0.00016197,buy,740868760
'2025-05-21 19:37:07.794,107913.5,0.00031993,buy,740868765
'2025-05-21 19:37:07.794,107913.6,0.00001004,buy,740868766
'2025-05-21 19:37:07.794,107913.7,0.00055841,buy,740868767
'2025-05-21 19:37:07.794,107914.2,0.00071174,buy,740868769
'2025-05-21 19:37:07.794,107914.6,0.00007497,buy,740868771
'2025-05-21 19:37:07.794,107915,0.0027754,buy,740868773
'2025-05-21 19:37:07.794,107915.2,0.0020619,buy,740868774
'2025-05-21 19:37:07.794,107915.4,0.00003071,buy,740868776
'2025-05-21 19:37:07.794,107915.5,0.00899431,buy,740868778
'2025-05-21 19:37:07.794,107915.7,0.00018994,buy,740868780
'2025-05-21 19:37:07.794,107915.8,0.0004192,buy,740868781
'2025-05-21 19:37:07.794,107916.3,0.00004748,buy,740868782
'2025-05-21 19:37:07.794,107916.4,0.00078303,buy,740868783
'2025-05-21 19:37:07.794,107916.6,0.00372453,buy,740868804
'2025-05-21 19:37:07.794,107917,0.00088,buy,740868805
'2025-05-21 19:37:07.794,107917.1,0.00011088,buy,740868809
'2025-05-21 19:37:07.794,107917.3,0.00001001,buy,740868810
'2025-05-21 19:37:07.794,107917.4,0.00038564,buy,740868811
'2025-05-21 19:37:07.794,107917.7,0.00002458,buy,740868812
'2025-05-21 19:37:07.794,107918.1,0.00002193,buy,740868813
'2025-05-21 19:37:07.794,107918.2,0.00649781,buy,740868814
'2025-05-21 19:37:07.794,107918.3,0.00125222,buy,740868815
'2025-05-21 19:37:07.794,107918.6,0.00012075,buy,740868819
'2025-05-21 19:37:07.794,107918.9,0.00031028,buy,740868820
'2025-05-21 19:37:07.794,107919.1,0.00003603,buy,740868822
'2025-05-21 19:37:07.794,107919.3,0.00001683,buy,740868823
'2025-05-21 19:37:07.794,107919.4,0.00019354,buy,740868824
'2025-05-21 19:37:07.794,107919.9,0.00001139,buy,740868825
'2025-05-21 19:37:07.794,107920,0.00327452,buy,740868837
'2025-05-21 19:37:07.794,107920.6,0.00001021,buy,740868838
'2025-05-21 19:37:07.794,107920.7,0.00011144,buy,740868840
'2025-05-21 19:37:07.794,107920.8,0.00001033,buy,740868841
'2025-05-21 19:37:07.794,107920.9,0.00163514,buy,740868843
'2025-05-21 19:37:07.794,107921.1,0.00001018,buy,740868844
'2025-05-21 19:37:07.794,107921.3,0.00204696,buy,740868846
'2025-05-21 19:37:07.794,107921.4,0.00009445,buy,740868847
'2025-05-21 19:37:07.794,107921.7,0.00001111,buy,740868848
'2025-05-21 19:37:07.794,107922,0.00006342,buy,740868849
'2025-05-21 19:37:07.794,107922.2,0.00003976,buy,740868851
'2025-05-21 19:37:07.794,107922.3,0.00001257,buy,740868852
'2025-05-21 19:37:07.794,107922.4,0.00001619,buy,740868853
'2025-05-21 19:37:07.794,107922.6,0.00005388,buy,740868854
'2025-05-21 19:37:07.794,107922.7,0.0000251,buy,740868856
'2025-05-21 19:37:07.794,107922.9,0.00463184,buy,740868857
'2025-05-21 19:37:07.794,107923,0.00615076,buy,740868868
'2025-05-21 19:37:07.794,107923.2,0.00008752,buy,740868870
'2025-05-21 19:37:07.794,107923.3,0.23261201,buy,740868872
'2025-05-21 19:37:07.803,107915.1,0.00096,sell,740868873
'2025-05-21 19:37:07.811,107914.9,0.00019399,sell,740868874
'2025-05-21 19:37:07.830,107915,0.04646427,buy,740868876
'2025-05-21 19:37:07.977,107915,0.12325,buy,740868879
'2025-05-21 19:37:08.036,107914.9,0.00219967,sell,740868882
'2025-05-21 19:37:08.366,107914.9,0.00027499,sell,740868884
'2025-05-21 19:37:08.474,107914.9,0.0012,sell,740868885
'2025-05-21 19:37:08.702,107914.9,0.0002,sell,740868886
'2025-05-21 19:37:09.215,107914.9,0.033221,sell,740868887
'2025-05-21 19:37:09.658,107914.9,0.007632,sell,740868888
'2025-05-21 19:37:09.706,107915,0.21122274,buy,740868897
'2025-05-21 19:37:09.707,107918,0.0185,buy,740868898
'2025-05-21 19:37:09.707,107918.6,0.0005,buy,740868899
'2025-05-21 19:37:09.707,107920,0.01851,buy,740868901
'2025-05-21 19:37:09.707,107923.1,0.00088,buy,740868902
'2025-05-21 19:37:09.707,107923.6,0.00161,buy,740868903
'2025-05-21 19:37:09.707,107923.6,0.00921006,buy,740868904
'2025-05-21 19:37:09.707,107923.7,0.00188553,buy,740868905
'2025-05-21 19:37:09.707,107923.8,0.00005184,buy,740868909
'2025-05-21 19:37:09.707,107924.2,0.00494989,buy,740868911
'2025-05-21 19:37:09.707,107924.8,0.06390268,buy,740868912
'2025-05-21 19:37:09.707,107924.8,0.14450302,buy,740868913
'2025-05-21 19:37:09.707,107924.9,0.00005364,buy,740868917
'2025-05-21 19:37:09.707,107925,0.00061915,buy,740868919
'2025-05-21 19:37:09.707,107925.4,0.0000849,buy,740868920
'2025-05-21 19:37:09.707,107925.5,0.00003453,buy,740868921
'2025-05-21 19:37:09.707,107925.7,0.00003961,buy,740868924
'2025-05-21 19:37:09.707,107926.1,0.00156448,buy,740868925
'2025-05-21 19:37:09.707,107926.2,0.00052442,buy,740868926
'2025-05-21 19:37:09.707,107926.5,0.00005318,buy,740868927
'2025-05-21 19:37:09.707,107926.9,0.00009419,buy,740868928
'2025-05-21 19:37:09.707,107927.2,0.00052951,buy,740868931
'2025-05-21 19:37:09.707,107927.3,0.00003608,buy,740868932
'2025-05-21 19:37:09.707,107927.6,0.00002589,buy,740868933
'2025-05-21 19:37:09.707,107927.7,0.00001144,buy,740868934
'2025-05-21 19:37:09.707,107927.8,0.00184053,buy,740868947
'2025-05-21 19:37:09.707,107928,0.0015133,buy,740868949
'2025-05-21 19:37:09.707,107928.1,0.00001061,buy,740868950
'2025-05-21 19:37:09.707,107928.3,0.00001294,buy,740868951
'2025-05-21 19:37:09.707,107928.4,0.0000216,buy,740868952
'2025-05-21 19:37:09.707,107928.5,0.00001415,buy,740868953
'2025-05-21 19:37:09.707,107928.7,0.000013,buy,740868954
'2025-05-21 19:37:09.707,107928.8,0.00005003,buy,740868955
'2025-05-21 19:37:09.707,107929,0.00083,buy,740868956
'2025-05-21 19:37:09.707,107929.2,0.00001445,buy,740868957
'2025-05-21 19:37:09.707,107929.7,0.00001007,buy,740868958
'2025-05-21 19:37:09.707,107929.8,0.00001028,buy,740868959
'2025-05-21 19:37:09.707,107930,0.00080242,buy,740868962
'2025-05-21 19:37:09.707,107930.1,0.00034374,buy,740868963
'2025-05-21 19:37:09.707,107930.5,0.00004982,buy,740868964
'2025-05-21 19:37:09.707,107930.6,0.00316863,buy,740868966
'2025-05-21 19:37:09.707,107931,0.00139669,buy,740868970
'2025-05-21 19:37:09.707,107931.2,0.00001174,buy,740868971
'2025-05-21 19:37:09.707,107931.6,0.00037494,buy,740868973
'2025-05-21 19:37:09.707,107931.7,0.00245324,buy,740868976
'2025-05-21 19:37:09.707,107932,0.00138713,buy,740868977
'2025-05-21 19:37:09.707,107932.2,0.00010435,buy,740868981
'2025-05-21 19:37:09.707,107932.3,0.00001085,buy,740868982
'2025-05-21 19:37:09.707,107932.5,0.00002658,buy,740868983
'2025-05-21 19:37:09.707,107932.6,0.00079878,buy,740868984
'2025-05-21 19:37:09.707,107932.8,0.00001311,buy,740868985
'2025-05-21 19:37:09.707,107932.9,0.02699702,buy,740868986
'2025-05-21 19:37:09.707,107933,0.00054624,buy,740868987
'2025-05-21 19:37:09.707,107933.2,0.00001645,buy,740868988
'2025-05-21 19:37:09.707,107933.3,0.0002253,buy,740868992
'2025-05-21 19:37:09.707,107933.8,0.0019897,buy,740868995
'2025-05-21 19:37:09.707,107934.1,0.16,buy,740868997
'2025-05-21 19:37:09.707,107934.1,0.08752304,buy,740868998
'2025-05-21 19:37:09.707,107934.2,0.0003387,buy,740869004
'2025-05-21 19:37:09.707,107934.5,0.00001,buy,740869005
'2025-05-21 19:37:09.707,107934.7,0.00228057,buy,740869006
'2025-05-21 19:37:09.707,107934.9,0.00001539,buy,740869007
'2025-05-21 19:37:09.707,107935,0.00010029,buy,740869012
'2025-05-21 19:37:09.707,107935.2,0.00003249,buy,740869014
'2025-05-21 19:37:09.707,107935.5,0.00004027,buy,740869015
'2025-05-21 19:37:09.707,107935.8,0.02700638,buy,740869017
'2025-05-21 19:37:09.707,107936,0.00003028,buy,740869019
'2025-05-21 19:37:09.707,107936.5,0.01009134,buy,740869020
'2025-05-21 19:37:09.707,107936.7,0.00107381,buy,740869023
'2025-05-21 19:37:09.707,107936.8,0.00007359,buy,740869025
'2025-05-21 19:37:09.707,107937.1,0.00038605,buy,740869028
'2025-05-21 19:37:09.707,107937.2,0.00002033,buy,740869029
'2025-05-21 19:37:09.707,107937.3,0.0000488,buy,740869032
'2025-05-21 19:37:09.707,107937.4,0.00002066,buy,740869033
'2025-05-21 19:37:09.707,107937.5,0.00778684,buy,740869035
'2025-05-21 19:37:09.707,107938,0.00007854,buy,740869036
'2025-05-21 19:37:09.707,107938.2,0.02842347,buy,740869037
'2025-05-21 19:37:09.707,107938.3,0.00011479,buy,740869038
'2025-05-21 19:37:09.707,107938.4,0.00349881,buy,740869042
'2025-05-21 19:37:09.707,107938.7,0.00031338,buy,740869045
'2025-05-21 19:37:09.707,107939,0.00926167,buy,740869046
'2025-05-21 19:37:09.707,107939.1,0.00001017,buy,740869047
'2025-05-21 19:37:09.707,107939.3,0.00015283,buy,740869052
'2025-05-21 19:37:09.707,107939.4,0.00001067,buy,740869053
'2025-05-21 19:37:09.707,107939.7,0.00001176,buy,740869054
'2025-05-21 19:37:09.707,107939.8,0.00001113,buy,740869055
'2025-05-21 19:37:09.707,107939.9,0.00028764,buy,740869058
'2025-05-21 19:37:09.707,107940,0.00182288,buy,740869063
'2025-05-21 19:37:09.707,107940.1,0.00001886,buy,740869064
'2025-05-21 19:37:09.707,107940.3,0.00001,buy,740869065
'2025-05-21 19:37:09.707,107940.4,0.05875762,buy,740869071
'2025-05-21 19:37:09.707,107940.6,0.00054384,buy,740869072
'2025-05-21 19:37:09.707,107940.7,0.0000468,buy,740869073
'2025-05-21 19:37:09.707,107941.1,0.00048649,buy,740869076
'2025-05-21 19:37:09.712,107927.8,0.0442,buy,740869078
'2025-05-21 19:37:09.712,107928,0.0442,buy,740869080
'2025-05-21 19:37:09.712,107928.5,0.0278,buy,740869081
'2025-05-21 19:37:09.712,107930.6,0.0442,buy,740869083
'2025-05-21 19:37:09.712,107931,0.0442,buy,740869085
'2025-05-21 19:37:09.712,107931.7,0.0356,buy,740869087
'2025-05-21 19:37:09.712,107932,0.0164,buy,740869088
'2025-05-21 19:37:09.712,107932.2,0.0164,buy,740869089
'2025-05-21 19:37:09.712,107932.5,0.0164,buy,740869090
'2025-05-21 19:37:09.712,107938,0.0185,buy,740869091
'2025-05-21 19:37:09.712,107941.2,0.0000609,buy,740869094
'2025-05-21 19:37:09.712,107941.6,0.00003157,buy,740869096
'2025-05-21 19:37:09.712,107941.8,0.00002848,buy,740869097
'2025-05-21 19:37:09.712,107941.9,0.00013046,buy,740869099
'2025-05-21 19:37:09.712,107942.2,0.00003293,buy,740869100
'2025-05-21 19:37:09.712,107942.8,0.00109907,buy,740869104
'2025-05-21 19:37:09.712,107942.9,0.06,buy,740869106
'2025-05-21 19:37:09.712,107943.3,0.00019635,buy,740869107
'2025-05-21 19:37:09.712,107943.5,0.00036414,buy,740869109
'2025-05-21 19:37:09.712,107943.7,0.00001435,buy,740869110
'2025-05-21 19:37:09.712,107944,0.00083,buy,740869111
'2025-05-21 19:37:09.712,107944.4,0.00030968,buy,740869115
'2025-05-21 19:37:09.712,107944.9,0.11794194,buy,740869116
'2025-05-21 19:37:09.713,107932.5,0.08079,buy,740869117
'2025-05-21 19:37:09.713,107936.7,0.0617,buy,740869118
'2025-05-21 19:37:09.713,107936.8,0.05557718,buy,740869119
'2025-05-21 19:37:09.726,107937,0.12247023,sell,740869123
'2025-05-21 19:37:09.747,107937,0.00046,sell,740869124
'2025-05-21 19:37:09.925,107937,0.10741908,sell,740869128
'2025-05-21 19:37:09.929,107933.9,0.02927744,sell,740869129
'2025-05-21 19:37:09.929,107933,0.01,sell,740869130
'2025-05-21 19:37:09.929,107931.2,0.02242256,sell,740869131
'2025-05-21 19:37:09.947,107930,0.00079242,sell,740869133
'2025-05-21 19:37:09.950,107924.7,0.00764,sell,740869134
'2025-05-21 19:37:09.957,107923,0.00018,sell,740869135
'2025-05-21 19:37:10.065,107922,0.00650293,sell,740869136
'2025-05-21 19:37:10.065,107920,0.00079242,sell,740869138
'2025-05-21 19:37:10.065,107919,0.02928148,sell,740869139
'2025-05-21 19:37:10.077,107917.3,0.000015,sell,740869140
'2025-05-21 19:37:10.077,107916.9,0.00005,sell,740869141
'2025-05-21 19:37:10.097,107912.9,0.01207,sell,740869142
'2025-05-21 19:37:10.104,107912.9,0.001771,sell,740869143
'2025-05-21 19:37:10.238,107912.9,0.185,sell,740869146
'2025-05-21 19:37:10.238,107912.9,0.185,sell,740869148
'2025-05-21 19:37:10.308,107912.9,0.00046053,sell,740869149
'2025-05-21 19:37:10.313,107912.9,0.00045536,sell,740869150
'2025-05-21 19:37:10.328,107913,0.00018533,buy,740869151
'2025-05-21 19:37:10.648,107912.9,0.00038294,sell,740869152
'2025-05-21 19:37:10.676,107912.9,0.0005,sell,740869153
'2025-05-21 19:37:10.871,107913,0.00046,buy,740869155
'2025-05-21 19:37:10.871,107913,0.00046,buy,740869156
'2025-05-21 19:37:10.871,107913,0.1049925,buy,740869159
'2025-05-21 19:37:10.871,107913.1,0.002,buy,740869160
'2025-05-21 19:37:10.871,107914,0.0185,buy,740869161
'2025-05-21 19:37:10.873,107917.6,0.01680399,buy,740869162
'2025-05-21 19:37:10.910,107919.9,0.0029,sell,740869163
'2025-05-21 19:37:11.100,107920,0.00006,buy,740869168
'2025-05-21 19:37:11.113,107919.9,0.00017676,sell,740869169
'2025-05-21 19:37:11.144,107920,0.00004633,buy,740869170
'2025-05-21 19:37:11.230,107926.5,0.00279896,sell,740869171
'2025-05-21 19:37:11.360,107926.5,0.010463,sell,740869172
'2025-05-21 19:37:11.553,107926.6,0.00317102,buy,740869173
'2025-05-21 19:37:11.554,107930,0.00080242,buy,740869176
'2025-05-21 19:37:11.554,107934.7,0.00088,buy,740869177
'2025-05-21 19:37:11.554,107937.1,0.00509495,buy,740869179
'2025-05-21 19:37:11.554,107937.3,0.00005,buy,740869180
'2025-05-21 19:37:11.554,107938.7,0.00241445,buy,740869181
'2025-05-21 19:37:11.554,107940,0.00080242,buy,740869184
'2025-05-21 19:37:11.554,107945,0.00083,buy,740869185
'2025-05-21 19:37:11.554,107945.2,0.00001271,buy,740869186
'2025-05-21 19:37:11.554,107945.3,0.00001106,buy,740869187
'2025-05-21 19:37:11.554,107945.6,0.00025791,buy,740869190
'2025-05-21 19:37:11.554,107945.9,0.0000202,buy,740869191
'2025-05-21 19:37:11.554,107946.1,0.00001645,buy,740869192
'2025-05-21 19:37:11.554,107946.3,0.00001506,buy,740869193
'2025-05-21 19:37:11.554,107946.4,0.00001915,buy,740869194
'2025-05-21 19:37:11.554,107946.5,0.00001005,buy,740869195
'2025-05-21 19:37:11.554,107946.6,0.0001397,buy,740869196
'2025-05-21 19:37:11.554,107947,0.00005152,buy,740869199
'2025-05-21 19:37:11.554,107947.1,0.00001074,buy,740869200
'2025-05-21 19:37:11.554,107947.3,0.00021412,buy,740869201
'2025-05-21 19:37:11.554,107947.4,0.00001023,buy,740869202
'2025-05-21 19:37:11.554,107947.8,0.00044114,buy,740869203
'2025-05-21 19:37:11.554,107948,0.00083,buy,740869204
'2025-05-21 19:37:11.554,107948.1,0.0042078,buy,740869205
'2025-05-21 19:37:11.554,107948.2,0.00002048,buy,740869207
'2025-05-21 19:37:11.554,107948.3,0.00001074,buy,740869208
'2025-05-21 19:37:11.554,107948.7,0.0000542,buy,740869211
'2025-05-21 19:37:11.554,107949,0.00001969,buy,740869212
'2025-05-21 19:37:11.554,107949.1,0.0000804,buy,740869213
'2025-05-21 19:37:11.554,107949.2,0.00001048,buy,740869214
'2025-05-21 19:37:11.554,107949.9,0.00122371,buy,740869217
'2025-05-21 19:37:11.554,107950,0.0051695,buy,740869235
'2025-05-21 19:37:11.554,107950.2,0.0000726,buy,740869236
'2025-05-21 19:37:11.554,107950.3,0.0000192,buy,740869237
'2025-05-21 19:37:11.554,107950.5,0.00226734,buy,740869239
'2025-05-21 19:37:11.554,107950.7,0.0001187,buy,740869246
'2025-05-21 19:37:11.554,107950.9,0.00001001,buy,740869247
'2025-05-21 19:37:11.554,107951.4,0.000482,buy,740869250
'2025-05-21 19:37:11.554,107951.5,0.00011806,buy,740869252
'2025-05-21 19:37:11.554,107951.6,0.00024306,buy,740869254
'2025-05-21 19:37:11.554,107951.9,0.00003091,buy,740869257
'2025-05-21 19:37:11.554,107952.2,0.00001,buy,740869258
'2025-05-21 19:37:11.554,107952.3,0.00007721,buy,740869260
'2025-05-21 19:37:11.554,107952.6,0.00001014,buy,740869261
'2025-05-21 19:37:11.554,107952.8,0.01853705,buy,740869263
'2025-05-21 19:37:11.554,107953.1,0.00002099,buy,740869264
'2025-05-21 19:37:11.554,107953.5,0.00146907,buy,740869269
'2025-05-21 19:37:11.554,107953.7,0.00002554,buy,740869270
'2025-05-21 19:37:11.554,107953.8,0.00010923,buy,740869271
'2025-05-21 19:37:11.554,107954,0.00007029,buy,740869274
'2025-05-21 19:37:11.554,107954.4,0.00002271,buy,740869276
'2025-05-21 19:37:11.554,107954.5,0.00062816,buy,740869278
'2025-05-21 19:37:11.554,107954.6,0.00019176,buy,740869280
'2025-05-21 19:37:11.554,107954.9,0.00001021,buy,740869281
'2025-05-21 19:37:11.554,107955,0.00171277,buy,740869283
'2025-05-21 19:37:11.554,107955.1,0.00406799,buy,740869284
'2025-05-21 19:37:11.554,107955.2,0.00209352,buy,740869285
'2025-05-21 19:37:11.554,107955.3,0.00009002,buy,740869286
'2025-05-21 19:37:11.554,107955.7,0.10376018,buy,740869287
'2025-05-21 19:37:11.554,107955.7,0.04,buy,740869288
'2025-05-21 19:37:11.554,107955.7,0.08,buy,740869289
'2025-05-21 19:37:11.555,107955.7,0.02373982,buy,740869290
'2025-05-21 19:37:11.555,107955.8,0.00001018,buy,740869291
'2025-05-21 19:37:11.555,107956,0.00500443,buy,740869292
'2025-05-21 19:37:11.555,107956.2,0.0023304,buy,740869293
'2025-05-21 19:37:11.555,107956.3,0.00007678,buy,740869294
'2025-05-21 19:37:11.555,107956.5,0.00002568,buy,740869296
'2025-05-21 19:37:11.555,107956.6,0.02105092,buy,740869299
'2025-05-21 19:37:11.555,107956.6,0.01121934,buy,740869300
'2025-05-21 19:37:11.555,107957.1,0.00002336,buy,740869302
'2025-05-21 19:37:11.555,107957.3,0.00007033,buy,740869304
'2025-05-21 19:37:11.555,107957.4,0.00013544,buy,740869308
'2025-05-21 19:37:11.555,107957.9,0.00018638,buy,740869309
'2025-05-21 19:37:11.555,107958.1,0.00926012,buy,740869310
'2025-05-21 19:37:11.555,107958.2,0.00019977,buy,740869312
'2025-05-21 19:37:11.555,107958.3,0.0000509,buy,740869313
'2025-05-21 19:37:11.555,107958.5,0.00077712,buy,740869328
'2025-05-21 19:37:11.555,107958.6,0.1389838,buy,740869329
'2025-05-21 19:37:11.555,107958.9,0.00002452,buy,740869330
'2025-05-21 19:37:11.555,107959.2,0.02711474,buy,740869333
'2025-05-21 19:37:11.555,107959.6,0.00012914,buy,740869337
'2025-05-21 19:37:11.555,107959.9,0.00001015,buy,740869338
'2025-05-21 19:37:11.555,107960,0.00117145,buy,740869342
'2025-05-21 19:37:11.559,107960,0.00173732,buy,740869348
'2025-05-21 19:37:11.559,107960.1,0.00001004,buy,740869349
'2025-05-21 19:37:11.559,107960.5,0.00015366,buy,740869350
'2025-05-21 19:37:11.559,107961.1,0.00002005,buy,740869352
'2025-05-21 19:37:11.559,107961.4,0.00039911,buy,740869356
'2025-05-21 19:37:11.559,107961.5,0.00007301,buy,740869357
'2025-05-21 19:37:11.559,107961.6,0.0000105,buy,740869358
'2025-05-21 19:37:11.559,107961.7,0.00004024,buy,740869359
'2025-05-21 19:37:11.559,107962,0.00071947,buy,740869361
'2025-05-21 19:37:11.559,107962.1,0.00000762,buy,740869362
'2025-05-21 19:37:11.567,107957.6,0.01118169,buy,740869363
'2025-05-21 19:37:11.567,107958,0.00060349,buy,740869364
'2025-05-21 19:37:11.576,107957.5,0.00038684,sell,740869365
'2025-05-21 19:37:11.576,107957.5,0.00029229,sell,740869366
'2025-05-21 19:37:11.637,107957.5,0.00004633,sell,740869367
'2025-05-21 19:37:11.637,107955.7,0.00000001,sell,740869368
'2025-05-21 19:37:11.637,107955.7,0.00004634,sell,740869369
'2025-05-21 19:37:11.687,107950,0.00079242,sell,740869371
'2025-05-21 19:37:12.220,107948.9,0.16910058,sell,740869376
'2025-05-21 19:37:12.220,107947.8,0.0216157,sell,740869377
'2025-05-21 19:37:12.221,107947.8,0.00771062,sell,740869378
'2025-05-21 19:37:12.221,107947.1,0.0005,sell,740869379
'2025-05-21 19:37:12.221,107946.2,0.00690523,sell,740869380
'2025-05-21 19:37:12.488,107945,0.00031757,sell,740869381
'2025-05-21 19:37:12.758,107945,0.03555935,sell,740869383
'2025-05-21 19:37:12.769,107945,0.0617,sell,740869384
'2025-05-21 19:37:12.771,107945,0.01594177,sell,740869385
'2025-05-21 19:37:12.772,107945,0.0617,sell,740869386
'2025-05-21 19:37:12.865,107945.1,0.19910677,buy,740869391
'2025-05-21 19:37:12.910,107945.1,0.02563,buy,740869398
'2025-05-21 19:37:12.942,107945.1,0.00217482,buy,740869399
'2025-05-21 19:37:12.975,107949,0.01020396,buy,740869401
'2025-05-21 19:37:13.048,107949,0.00569345,buy,740869402
'2025-05-21 19:37:13.048,107949,0.0872776,buy,740869403
'2025-05-21 19:37:13.052,107950,0.00001,buy,740869404
'2025-05-21 19:37:13.052,107953.2,0.0005,buy,740869405
'2025-05-21 19:37:13.052,107955.5,0.00241445,buy,740869406
'2025-05-21 19:37:13.052,107955.8,0.42452461,buy,740869407
'2025-05-21 19:37:13.076,107955.8,0.08933876,buy,740869408
'2025-05-21 19:37:13.076,107955.8,0.13979235,buy,740869409
'2025-05-21 19:37:13.077,107955.8,0.04637125,buy,740869410
'2025-05-21 19:37:13.077,107955.8,0.25026128,buy,740869412
'2025-05-21 19:37:13.077,107956.7,0.00316932,buy,740869413
'2025-05-21 19:37:13.077,107960,0.00080242,buy,740869416
'2025-05-21 19:37:13.078,107962.1,0.00000314,buy,740869417
'2025-05-21 19:37:13.078,107962.4,0.00041112,buy,740869421
'2025-05-21 19:37:13.078,107962.7,0.00001017,buy,740869422
'2025-05-21 19:37:13.079,107962.9,0.00001212,buy,740869423
'2025-05-21 19:37:13.079,107963.2,0.00004092,buy,740869425
'2025-05-21 19:37:13.079,107963.5,0.00002486,buy,740869426
'2025-05-21 19:37:13.079,107963.6,0.00061225,buy,740869428
'2025-05-21 19:37:13.079,107963.9,0.00003434,buy,740869429
'2025-05-21 19:37:13.079,107964,0.00001437,buy,740869430
'2025-05-21 19:37:13.079,107964.2,0.00001051,buy,740869431
'2025-05-21 19:37:13.079,107965.3,0.00001127,buy,740869432
'2025-05-21 19:37:13.079,107965.4,0.00050732,buy,740869433
'2025-05-21 19:37:13.079,107965.6,0.0000383,buy,740869434
'2025-05-21 19:37:13.079,107965.8,0.00001249,buy,740869435
'2025-05-21 19:37:13.079,107966.1,0.00032786,buy,740869438
'2025-05-21 19:37:13.079,107966.5,0.001,buy,740869439
'2025-05-21 19:37:13.079,107966.6,0.00004879,buy,740869442
'2025-05-21 19:37:13.079,107966.8,0.00060114,buy,740869444
'2025-05-21 19:37:13.079,107966.8,0.00004771,buy,740869445
'2025-05-21 19:37:13.079,107967.1,0.00008356,buy,740869446
'2025-05-21 19:37:13.079,107967.4,0.00037603,buy,740869447
'2025-05-21 19:37:13.079,107967.6,0.00003133,buy,740869448
'2025-05-21 19:37:13.079,107967.7,0.00014033,buy,740869449
'2025-05-21 19:37:13.079,107967.8,0.00001119,buy,740869450
'2025-05-21 19:37:13.079,107968.3,0.0036063,buy,740869453
'2025-05-21 19:37:13.079,107968.3,0.00104365,buy,740869455
'2025-05-21 19:37:13.079,107968.7,0.0000271,buy,740869457
'2025-05-21 19:37:13.079,107968.8,0.00073764,buy,740869460
'2025-05-21 19:37:13.079,107968.9,0.00002206,buy,740869461
'2025-05-21 19:37:13.079,107969.2,0.00002626,buy,740869463
'2025-05-21 19:37:13.079,107969.3,0.00001401,buy,740869464
'2025-05-21 19:37:13.079,107969.4,0.0001302,buy,740869465
'2025-05-21 19:37:13.079,107969.5,0.00002766,buy,740869466
'2025-05-21 19:37:13.080,107969.5,0.0002622,buy,740869468
'2025-05-21 19:37:13.080,107969.7,0.0000502,buy,740869469
'2025-05-21 19:37:13.080,107969.9,0.00001,buy,740869470
'2025-05-21 19:37:13.080,107970,0.00220138,buy,740869478
'2025-05-21 19:37:13.080,107970.3,0.00128718,buy,740869480
'2025-05-21 19:37:13.080,107970.4,0.0000569,buy,740869484
'2025-05-21 19:37:13.080,107970.6,0.0186407,buy,740869485
'2025-05-21 19:37:13.093,107969.5,0.00925392,buy,740869486
'2025-05-21 19:37:13.215,107969.9,0.002724,sell,740869487
'2025-05-21 19:37:13.381,107970,0.04,buy,740869492
'2025-05-21 19:37:13.381,107970,0.03832765,buy,740869494
'2025-05-21 19:37:13.381,107970.6,0.02603084,buy,740869495
'2025-05-21 19:37:13.381,107970.7,0.003471,buy,740869496
'2025-05-21 19:37:13.381,107970.8,0.00040514,buy,740869497
'2025-05-21 19:37:13.381,107971.4,0.00334078,buy,740869498
'2025-05-21 19:37:13.381,107971.7,0.00003356,buy,740869500
'2025-05-21 19:37:13.381,107971.8,0.0000851,buy,740869501
'2025-05-21 19:37:13.381,107972,0.00120914,buy,740869504
'2025-05-21 19:37:13.381,107972.1,0.00009542,buy,740869506
'2025-05-21 19:37:13.381,107972.3,0.00002467,buy,740869507
'2025-05-21 19:37:13.381,107972.4,0.00001019,buy,740869508
'2025-05-21 19:37:13.381,107972.7,0.00005,buy,740869509
'2025-05-21 19:37:13.381,107972.9,0.00209636,buy,740869513
'2025-05-21 19:37:13.381,107973.3,0.00002942,buy,740869514
'2025-05-21 19:37:13.381,107973.4,0.00001016,buy,740869515
'2025-05-21 19:37:13.381,107973.5,0.00002714,buy,740869516
'2025-05-21 19:37:13.381,107973.6,0.00074088,buy,740869517
'2025-05-21 19:37:13.381,107973.8,0.00003033,buy,740869518
'2025-05-21 19:37:13.381,107974.2,0.00017871,buy,740869521
'2025-05-21 19:37:13.381,107974.3,0.00131035,buy,740869528
'2025-05-21 19:37:13.381,107974.6,0.00004829,buy,740869529
'2025-05-21 19:37:13.381,107974.7,0.00096265,buy,740869536
'2025-05-21 19:37:13.381,107975,0.00056796,buy,740869543
'2025-05-21 19:37:13.381,107975.3,0.0002792,buy,740869544
'2025-05-21 19:37:13.381,107975.5,0.00011318,buy,740869547
'2025-05-21 19:37:13.381,107975.6,0.00001103,buy,740869548
'2025-05-21 19:37:13.381,107976.3,0.00094142,buy,740869554
'2025-05-21 19:37:13.381,107976.5,0.00008645,buy,740869557
'2025-05-21 19:37:13.381,107976.6,0.00001945,buy,740869558
'2025-05-21 19:37:13.381,107976.8,0.00001003,buy,740869559
'2025-05-21 19:37:13.381,107977,0.000081,buy,740869561
'2025-05-21 19:37:13.381,107977.1,0.00002264,buy,740869562
'2025-05-21 19:37:13.381,107977.4,0.000011,buy,740869563
'2025-05-21 19:37:13.381,107977.5,0.00001236,buy,740869564
'2025-05-21 19:37:13.381,107977.9,0.0001547,buy,740869565
'2025-05-21 19:37:13.381,107978.1,0.00004525,buy,740869566
'2025-05-21 19:37:13.381,107978.3,0.00012897,buy,740869567
'2025-05-21 19:37:13.381,107978.4,0.00008286,buy,740869568
'2025-05-21 19:37:13.381,107978.6,0.0000512,buy,740869572
'2025-05-21 19:37:13.381,107978.8,0.00001,buy,740869573
'2025-05-21 19:37:13.381,107978.9,0.00005472,buy,740869574
'2025-05-21 19:37:13.381,107979.1,0.00002665,buy,740869575
'2025-05-21 19:37:13.381,107979.2,0.00003761,buy,740869576
'2025-05-21 19:37:13.381,107979.3,0.00030551,buy,740869577
'2025-05-21 19:37:13.381,107979.7,0.00035346,buy,740869578
'2025-05-21 19:37:13.381,107980,0.00251557,buy,740869585
'2025-05-21 19:37:13.381,107980.1,0.00002685,buy,740869586
'2025-05-21 19:37:13.381,107980.2,0.00014277,buy,740869587
'2025-05-21 19:37:13.381,107980.3,0.00003145,buy,740869590
'2025-05-21 19:37:13.381,107980.4,0.00423477,buy,740869596
'2025-05-21 19:37:13.381,107980.9,0.00013185,buy,740869597
'2025-05-21 19:37:13.381,107981.1,0.00028746,buy,740869600
'2025-05-21 19:37:13.381,107981.3,0.00003044,buy,740869601
'2025-05-21 19:37:13.381,107981.4,0.00002109,buy,740869602
'2025-05-21 19:37:13.381,107981.8,0.0002913,buy,740869604
'2025-05-21 19:37:13.381,107982,0.00001094,buy,740869605
'2025-05-21 19:37:13.381,107982.2,0.000047,buy,740869606
'2025-05-21 19:37:13.381,107982.5,0.00925802,buy,740869607
'2025-05-21 19:37:13.381,107982.8,0.00001004,buy,740869608
'2025-05-21 19:37:13.381,107983,0.00007115,buy,740869611
'2025-05-21 19:37:13.381,107983.2,0.00002541,buy,740869612
'2025-05-21 19:37:13.381,107983.3,0.00002126,buy,740869613
'2025-05-21 19:37:13.381,107983.5,0.00001776,buy,740869614
'2025-05-21 19:37:13.381,107983.6,0.00003809,buy,740869615
'2025-05-21 19:37:13.381,107983.8,0.00001029,buy,740869616
'2025-05-21 19:37:13.381,107984.1,0.00015003,buy,740869617
'2025-05-21 19:37:13.381,107984.3,0.0004017,buy,740869618
'2025-05-21 19:37:13.381,107984.4,0.01369838,buy,740869619
'2025-05-21 19:37:13.381,107984.5,0.00363223,buy,740869627
'2025-05-21 19:37:13.381,107984.7,0.00006028,buy,740869629
'2025-05-21 19:37:13.381,107985,0.00010325,buy,740869630
'2025-05-21 19:37:13.381,107985.2,0.00325905,buy,740869631
'2025-05-21 19:37:13.381,107985.4,0.00001005,buy,740869632
'2025-05-21 19:37:13.381,107985.5,0.00037018,buy,740869635
'2025-05-21 19:37:13.381,107985.9,0.00001854,buy,740869636
'2025-05-21 19:37:13.381,107986.1,0.00001187,buy,740869637
'2025-05-21 19:37:13.381,107986.3,0.00150776,buy,740869639
'2025-05-21 19:37:13.381,107986.6,0.00001,buy,740869640
'2025-05-21 19:37:13.381,107986.7,0.00006178,buy,740869641
'2025-05-21 19:37:13.381,107986.8,0.00024251,buy,740869646
'2025-05-21 19:37:13.381,107987,0.00001196,buy,740869647
'2025-05-21 19:37:13.381,107987.1,0.0000963,buy,740869649
'2025-05-21 19:37:13.381,107987.3,0.00001125,buy,740869650
'2025-05-21 19:37:13.381,107987.6,0.00001,buy,740869651
'2025-05-21 19:37:13.381,107987.9,0.00006499,buy,740869653
'2025-05-21 19:37:13.381,107988.6,0.00013539,buy,740869655
'2025-05-21 19:37:13.381,107988.8,0.00002373,buy,740869656
'2025-05-21 19:37:13.381,107989,0.0000926,buy,740869657
'2025-05-21 19:37:13.381,107989.2,0.00003288,buy,740869658
'2025-05-21 19:37:13.381,107989.4,0.00008263,buy,740869659
'2025-05-21 19:37:13.381,107989.6,0.00001034,buy,740869660
'2025-05-21 19:37:13.381,107990,0.00265065,buy,740869665
'2025-05-21 19:37:13.381,107990.4,0.00001702,buy,740869666
'2025-05-21 19:37:13.381,107991.2,0.00004272,buy,740869668
'2025-05-21 19:37:13.381,107991.3,0.00046576,buy,740869669
'2025-05-21 19:37:13.381,107991.7,0.00003704,buy,740869670
'2025-05-21 19:37:13.381,107992,0.00006223,buy,740869672
'2025-05-21 19:37:13.381,107992.2,0.00002446,buy,740869673
'2025-05-21 19:37:13.381,107992.3,0.00115133,buy,740869675
'2025-05-21 19:37:13.381,107992.6,0.00018373,buy,740869676
'2025-05-21 19:37:13.381,107992.7,0.00016475,buy,740869684
'2025-05-21 19:37:13.381,107993,0.00003266,buy,740869685
'2025-05-21 19:37:13.381,107993.1,0.00476518,buy,740869687
'2025-05-21 19:37:13.381,107993.2,0.00540283,buy,740869688
'2025-05-21 19:37:13.381,107993.4,0.00074566,buy,740869692
'2025-05-21 19:37:13.381,107993.7,0.01898942,buy,740869693
'2025-05-21 19:37:13.381,107994,0.00018723,buy,740869694
'2025-05-21 19:37:13.381,107994.1,0.00024827,buy,740869695
'2025-05-21 19:37:13.381,107994.7,0.00010439,buy,740869696
'2025-05-21 19:37:13.381,107995,0.00059798,buy,740869698
'2025-05-21 19:37:13.381,107995.3,0.00086907,buy,740869700
'2025-05-21 19:37:13.381,107995.3,0.08,buy,740869701
'2025-05-21 19:37:13.381,107995.4,0.00005654,buy,740869703
'2025-05-21 19:37:13.381,107995.6,0.00001078,buy,740869704
'2025-05-21 19:37:13.381,107995.7,0.00024207,buy,740869705
'2025-05-21 19:37:13.381,107995.9,0.00009557,buy,740869707
'2025-05-21 19:37:13.381,107996,0.00084825,buy,740869710
'2025-05-21 19:37:13.381,107996.1,0.00002133,buy,740869712
'2025-05-21 19:37:13.381,107996.2,0.00011247,buy,740869713
'2025-05-21 19:37:13.381,107996.3,0.00010509,buy,740869714
'2025-05-21 19:37:13.381,107996.4,0.00001008,buy,740869715
'2025-05-21 19:37:13.381,107996.5,0.00001,buy,740869716
'2025-05-21 19:37:13.381,107996.8,0.00031029,buy,740869717
'2025-05-21 19:37:13.381,107996.9,0.00162386,buy,740869718
'2025-05-21 19:37:13.381,107997,0.00223849,buy,740869723
'2025-05-21 19:37:13.381,107997.2,0.00001561,buy,740869724
'2025-05-21 19:37:13.381,107997.4,0.00008885,buy,740869726
'2025-05-21 19:37:13.381,107997.5,0.00025552,buy,740869727
'2025-05-21 19:37:13.381,107997.6,0.00002506,buy,740869729
'2025-05-21 19:37:13.381,107997.8,0.00003008,buy,740869731
'2025-05-21 19:37:13.381,107998,0.00021028,buy,740869733
'2025-05-21 19:37:13.381,107998.1,0.00017473,buy,740869738
'2025-05-21 19:37:13.381,107998.3,0.00003152,buy,740869740
'2025-05-21 19:37:13.381,107999,0.01925446,buy,740869746
'2025-05-21 19:37:13.381,107999.2,0.00061096,buy,740869749
'2025-05-21 19:37:13.381,107999.3,0.00038263,buy,740869752
'2025-05-21 19:37:13.381,107999.6,0.00009231,buy,740869753
'2025-05-21 19:37:13.381,107999.9,0.1222593,buy,740869892
'2025-05-21 19:37:13.381,108000,0.11385387,buy,740870159
'2025-05-21 19:37:13.382,108000,0.26097,buy,740870174
'2025-05-21 19:37:13.402,107993,0.00038684,sell,740870175
'2025-05-21 19:37:13.409,107993,0.00293345,sell,740870176
'2025-05-21 19:37:13.410,107993.1,0.00549757,buy,740870177
'2025-05-21 19:37:13.410,107993,0.0999,sell,740870179
'2025-05-21 19:37:13.410,107993.1,0.00105099,buy,740870180
'2025-05-21 19:37:13.411,107993,0.45422411,sell,740870183
'2025-05-21 19:37:13.413,107993,0.04671888,sell,740870184
'2025-05-21 19:37:13.413,107993,0.00004686,sell,740870185
'2025-05-21 19:37:13.413,107993,0.00009341,sell,740870186
'2025-05-21 19:37:13.429,107993,0.0002052,sell,740870187
'2025-05-21 19:37:13.457,107990,0.00002,sell,740870188
'2025-05-21 19:37:13.457,107989.7,0.0005,sell,740870189
'2025-05-21 19:37:13.474,107989.3,0.01007786,sell,740870190
'2025-05-21 19:37:13.477,107989.3,0.01938726,sell,740870191
'2025-05-21 19:37:13.497,107988.6,0.0032423,sell,740870192
'2025-05-21 19:37:13.497,107988.6,0.01134379,sell,740870193
'2025-05-21 19:37:13.522,107986.2,0.03361552,sell,740870195
'2025-05-21 19:37:13.524,107985,0.01,sell,740870196
'2025-05-21 19:37:13.583,107981.5,0.00001501,sell,740870197
'2025-05-21 19:37:13.583,107980,0.00081242,sell,740870200
'2025-05-21 19:37:13.900,107974.9,0.010479,sell,740870201
'2025-05-21 19:37:14.070,107974.9,0.00041493,sell,740870202
'2025-05-21 19:37:14.070,107974.9,0.00040424,sell,740870203
'2025-05-21 19:37:14.074,107974.9,0.00005981,sell,740870204
'2025-05-21 19:37:14.076,107974.9,0.00047361,sell,740870205
'2025-05-21 19:37:14.077,107974.9,0.00048844,sell,740870206
'2025-05-21 19:37:14.143,107974.9,0.00011203,sell,740870207
'2025-05-21 19:37:14.217,107974.9,0.002554,sell,740870209
'2025-05-21 19:37:14.572,107974.9,0.00038516,sell,740870211
'2025-05-21 19:37:14.587,107974.9,0.00005706,sell,740870212
'2025-05-21 19:37:14.673,107974.9,0.00041797,sell,740870213
'2025-05-21 19:37:14.679,107974.9,0.00054973,sell,740870214
'2025-05-21 19:37:14.733,107974.9,0.00036158,sell,740870215
'2025-05-21 19:37:14.900,107974.9,0.00015787,sell,740870216
'2025-05-21 19:37:15.150,107975,0.00032802,buy,740870218
'2025-05-21 19:37:15.161,107974.9,0.018,sell,740870219
'2025-05-21 19:37:15.215,107975,0.27433888,buy,740870228
'2025-05-21 19:37:15.215,107979.9,0.08,buy,740870229
'2025-05-21 19:37:15.215,107979.9,0.04,buy,740870230
'2025-05-21 19:37:15.215,107979.9,0.06515233,buy,740870231
'2025-05-21 19:37:15.215,107980,0.01851,buy,740870233
'2025-05-21 19:37:15.215,107981.6,0.00316819,buy,740870234
'2025-05-21 19:37:15.215,107985.1,0.0432,buy,740870235
'2025-05-21 19:37:15.215,107986.3,0.02996948,buy,740870236
'2025-05-21 19:37:15.218,107983.8,0.002491,sell,740870237
'2025-05-21 19:37:15.274,107986.2,0.00044012,sell,740870239
'2025-05-21 19:37:15.390,107986.2,0.003434,sell,740870241
'2025-05-21 19:37:15.702,107986.3,0.00032794,buy,740870243
'2025-05-21 19:37:16.221,107986.2,0.002887,sell,740870244
'2025-05-21 19:37:16.318,107986.3,0.16542944,buy,740870250
'2025-05-21 19:37:16.318,107988,0.0185,buy,740870251
'2025-05-21 19:37:16.318,107989.4,0.0002477,buy,740870252
'2025-05-21 19:37:16.318,107989.9,0.02121887,buy,740870253
'2025-05-21 19:37:16.318,107990,0.02128237,buy,740870258
'2025-05-21 19:37:16.318,107992,0.0185,buy,740870259
'2025-05-21 19:37:16.318,107993.1,0.02777955,buy,740870261
'2025-05-21 19:37:16.318,107993.2,0.00316766,buy,740870262
'2025-05-21 19:37:16.347,107993.9,0.0000463,sell,740870263
'2025-05-21 19:37:16.374,107993.3,0.00071615,sell,740870264
'2025-05-21 19:37:16.498,107993.2,0.02563,buy,740870265
'2025-05-21 19:37:16.861,107993.2,0.6791578,buy,740870272
'2025-05-21 19:37:16.861,107993.4,0.05092902,buy,740870276
'2025-05-21 19:37:16.861,107994,0.0185,buy,740870277
'2025-05-21 19:37:16.862,107996,0.0185,buy,740870278
'2025-05-21 19:37:16.862,107998,0.0185,buy,740870279
'2025-05-21 19:37:16.862,108000,0.0046,buy,740870280
'2025-05-21 19:37:16.862,108000,0.08,buy,740870303
'2025-05-21 19:37:16.862,108000,0.04,buy,740870321
'2025-05-21 19:37:16.862,108000,0.16,buy,740870365
'2025-05-21 19:37:16.862,108000,0.0463,buy,740870366
'2025-05-21 19:37:16.883,108000,0.0463,buy,740870424
'2025-05-21 19:37:16.884,108000,0.0231,buy,740870477
'2025-05-21 19:37:16.884,108000,0.08,buy,740870536
'2025-05-21 19:37:16.884,107999.9,0.00026543,sell,740870538
'2025-05-21 19:37:16.888,108000,0.0325,buy,740870596
'2025-05-21 19:37:16.890,108000,0.0138,buy,740870622
'2025-05-21 19:37:16.891,108000,0.03341109,buy,740870625
'2025-05-21 19:37:16.891,108000,0.1604,buy,740870661
'2025-05-21 19:37:16.892,108000,0.0617,buy,740870662
'2025-05-21 19:37:16.892,108000,0.00831435,buy,740870663
'2025-05-21 19:37:16.892,108000,0.014,buy,740870664
'2025-05-21 19:37:16.894,108000,0.1603,buy,740870682
'2025-05-21 19:37:16.895,108000,0.00235486,buy,740870684
'2025-05-21 19:37:16.895,108000.1,0.0000952,buy,740870685
'2025-05-21 19:37:16.895,108000.2,0.00014815,buy,740870688
'2025-05-21 19:37:16.895,108000.4,0.00262404,buy,740870691
'2025-05-21 19:37:16.895,108000.5,0.00017884,buy,740870694
'2025-05-21 19:37:16.895,108000.6,0.00348403,buy,740870695
'2025-05-21 19:37:16.895,108000.6,0.00259821,buy,740870696
'2025-05-21 19:37:16.904,108000.6,0.00799946,buy,740870697
'2025-05-21 19:37:16.904,108000.6,0.19418896,buy,740870698
'2025-05-21 19:37:16.904,108000.8,0.00012602,buy,740870701
'2025-05-21 19:37:16.904,108001,0.00917378,buy,740870705
'2025-05-21 19:37:16.904,108001.5,0.00615495,buy,740870709
'2025-05-21 19:37:16.904,108001.6,0.00009576,buy,740870710
'2025-05-21 19:37:16.904,108001.7,0.00101542,buy,740870712
'2025-05-21 19:37:16.904,108002.2,0.00001258,buy,740870713
'2025-05-21 19:37:16.904,108002.4,0.00019103,buy,740870717
'2025-05-21 19:37:16.904,108002.5,0.00170501,buy,740870719
'2025-05-21 19:37:16.904,108002.6,0.00317445,buy,740870722
'2025-05-21 19:37:16.904,108002.8,0.00002677,buy,740870724
'2025-05-21 19:37:16.904,108002.9,0.00059609,buy,740870725
'2025-05-21 19:37:16.906,108003.4,0.00006422,buy,740870729
'2025-05-21 19:37:16.906,108003.5,0.00306345,buy,740870730
'2025-05-21 19:37:16.906,108003.9,0.00014476,buy,740870734
'2025-05-21 19:37:16.906,108004,0.00002919,buy,740870735
'2025-05-21 19:37:16.906,108004.2,0.00017164,buy,740870738
'2025-05-21 19:37:16.906,108004.4,0.00011868,buy,740870739
'2025-05-21 19:37:16.906,108004.5,0.00027962,buy,740870741
'2025-05-21 19:37:16.906,108004.8,0.00316716,buy,740870742
'2025-05-21 19:37:16.906,108004.9,0.02671582,buy,740870743
'2025-05-21 19:37:16.906,108005.2,0.00007994,buy,740870745
'2025-05-21 19:37:16.906,108005.3,0.00003291,buy,740870748
'2025-05-21 19:37:16.906,108005.4,0.00001206,buy,740870749
'2025-05-21 19:37:16.906,108005.5,0.00011209,buy,740870751
'2025-05-21 19:37:16.906,108005.7,0.00001689,buy,740870752
'2025-05-21 19:37:16.906,108005.9,0.0001117,buy,740870753
'2025-05-21 19:37:16.906,108006.2,0.00017717,buy,740870755
'2025-05-21 19:37:16.906,108006.3,0.00001152,buy,740870756
'2025-05-21 19:37:16.918,108006.7,0.00001851,buy,740870757
'2025-05-21 19:37:16.919,108006.7,0.00001851,buy,740870759
'2025-05-21 19:37:16.963,108006.7,0.00009258,buy,740870760
'2025-05-21 19:37:17.218,108006.6,0.00266,sell,740870761
'2025-05-21 19:37:17.366,108006.7,0.04,buy,740870765
'2025-05-21 19:37:17.366,108006.7,0.01175102,buy,740870768
'2025-05-21 19:37:17.366,108006.8,0.00002055,buy,740870770
'2025-05-21 19:37:17.366,108007,0.00001001,buy,740870771
'2025-05-21 19:37:17.366,108007.5,0.00003253,buy,740870773
'2025-05-21 19:37:17.366,108007.9,0.0000281,buy,740870774
'2025-05-21 19:37:17.366,108008.1,0.00018943,buy,740870782
'2025-05-21 19:37:17.366,108008.2,0.00019562,buy,740870783
'2025-05-21 19:37:17.366,108008.5,0.00098876,buy,740870784
'2025-05-21 19:37:17.366,108009.3,0.00013694,buy,740870785
'2025-05-21 19:37:17.366,108009.8,0.00602467,buy,740870793
'2025-05-21 19:37:17.366,108010,0.00094121,buy,740870797
'2025-05-21 19:37:17.366,108010.3,0.00001009,buy,740870798
'2025-05-21 19:37:17.366,108011,0.002954,buy,740870799
'2025-05-21 19:37:17.366,108011.5,0.00001023,buy,740870800
'2025-05-21 19:37:17.366,108011.6,0.00001,buy,740870801
'2025-05-21 19:37:17.366,108012.4,0.00002026,buy,740870802
'2025-05-21 19:37:17.366,108012.7,0.00001019,buy,740870803
'2025-05-21 19:37:17.366,108013,0.00005892,buy,740870805
'2025-05-21 19:37:17.366,108013.2,0.00362255,buy,740870806
'2025-05-21 19:37:17.366,108013.3,0.0000183,buy,740870807
'2025-05-21 19:37:17.366,108014,0.0041703,buy,740870808
'2025-05-21 19:37:17.366,108014.1,0.04879632,buy,740870811
'2025-05-21 19:37:17.366,108014.1,0.03907813,buy,740870812
'2025-05-21 19:37:17.366,108014.2,0.00003105,buy,740870814
'2025-05-21 19:37:17.366,108014.5,0.00001013,buy,740870815
'2025-05-21 19:37:17.366,108014.6,0.09394802,buy,740870816
'2025-05-21 19:37:17.366,108014.9,0.00003043,buy,740870817
'2025-05-21 19:37:17.366,108015.8,0.00001635,buy,740870818
'2025-05-21 19:37:17.366,108015.9,0.00111628,buy,740870824
'2025-05-21 19:37:17.366,108016.4,0.00318179,buy,740870826
'2025-05-21 19:37:17.366,108016.5,0.00102206,buy,740870829
'2025-05-21 19:37:17.366,108016.6,0.00088309,buy,740870830
'2025-05-21 19:37:17.366,108016.8,0.00001168,buy,740870831
'2025-05-21 19:37:17.366,108017.1,0.00012022,buy,740870833
'2025-05-21 19:37:17.366,108017.4,0.00125222,buy,740870834
'2025-05-21 19:37:17.366,108017.8,0.00006373,buy,740870835
'2025-05-21 19:37:17.366,108017.9,0.00008986,buy,740870836
'2025-05-21 19:37:17.366,108018,0.00015284,buy,740870838
'2025-05-21 19:37:17.366,108018.1,0.00109246,buy,740870839
'2025-05-21 19:37:17.366,108018.3,0.00011064,buy,740870841
'2025-05-21 19:37:17.366,108018.4,0.00030052,buy,740870846
'2025-05-21 19:37:17.366,108018.5,0.00005517,buy,740870847
'2025-05-21 19:37:17.366,108018.7,0.00002017,buy,740870849
'2025-05-21 19:37:17.366,108018.8,0.00023243,buy,740870850
'2025-05-21 19:37:17.366,108018.9,0.00121886,buy,740870855
'2025-05-21 19:37:17.366,108019.2,0.00013321,buy,740870856
'2025-05-21 19:37:17.366,108019.3,0.00006173,buy,740870859
'2025-05-21 19:37:17.366,108019.4,0.00002438,buy,740870860
'2025-05-21 19:37:17.366,108019.6,0.00003969,buy,740870862
'2025-05-21 19:37:17.366,108019.9,0.00079363,buy,740870867
'2025-05-21 19:37:17.366,108020,0.00164023,buy,740870874
'2025-05-21 19:37:17.366,108020.1,0.00002208,buy,740870875
'2025-05-21 19:37:17.366,108020.4,0.00327296,buy,740870876
'2025-05-21 19:37:17.366,108020.5,0.00168339,buy,740870877
'2025-05-21 19:37:17.366,108020.6,0.00005412,buy,740870879
'2025-05-21 19:37:17.366,108020.8,0.00003008,buy,740870880
'2025-05-21 19:37:17.366,108020.9,0.00001198,buy,740870881
'2025-05-21 19:37:17.366,108021.7,0.00001249,buy,740870882
'2025-05-21 19:37:17.366,108022,0.0021282,buy,740870885
'2025-05-21 19:37:17.366,108022.2,0.00010784,buy,740870887
'2025-05-21 19:37:17.366,108022.3,0.00001851,buy,740870888
'2025-05-21 19:37:17.366,108022.5,0.00001001,buy,740870889
'2025-05-21 19:37:17.366,108022.6,0.00047055,buy,740870890
'2025-05-21 19:37:17.366,108022.9,0.00035555,buy,740870893
'2025-05-21 19:37:17.366,108023.1,0.00001,buy,740870894
'2025-05-21 19:37:17.366,108023.2,0.00003908,buy,740870895
'2025-05-21 19:37:17.366,108023.4,0.00009482,buy,740870897
'2025-05-21 19:37:17.366,108023.6,0.00006662,buy,740870903
'2025-05-21 19:37:17.366,108023.8,0.00010272,buy,740870906
'2025-05-21 19:37:17.366,108024,0.00007956,buy,740870907
'2025-05-21 19:37:17.366,108024.1,0.00011828,buy,740870908
'2025-05-21 19:37:17.366,108024.9,0.00054417,buy,740870913
'2025-05-21 19:37:17.366,108025,0.00403599,buy,740870916
'2025-05-21 19:37:17.424,108018.8,0.2033,buy,740870918
'2025-05-21 19:37:17.424,108018.8,0.1798,buy,740870919
'2025-05-21 19:37:17.424,108020,0.0185,buy,740870920
'2025-05-21 19:37:17.424,108022,0.0185,buy,740870921
'2025-05-21 19:37:17.424,108024,0.0185,buy,740870922
'2025-05-21 19:37:17.424,108025.2,0.00002812,buy,740870923
'2025-05-21 19:37:17.424,108025.3,0.0000101,buy,740870924
'2025-05-21 19:37:17.424,108025.5,0.000666,buy,740870925
'2025-05-21 19:37:17.424,108026.2,0.00009917,buy,740870926
'2025-05-21 19:37:17.424,108026.3,0.00001061,buy,740870927
'2025-05-21 19:37:17.424,108026.4,0.00012532,buy,740870930
'2025-05-21 19:37:17.424,108026.7,0.00019839,buy,740870931
'2025-05-21 19:37:17.424,108026.9,0.00001526,buy,740870932
'2025-05-21 19:37:17.424,108027,0.00002507,buy,740870934
'2025-05-21 19:37:17.432,108027.4,0.00001491,buy,740870935
'2025-05-21 19:37:17.432,108027.5,0.00042647,buy,740870939
'2025-05-21 19:37:17.432,108027.6,0.00001232,buy,740870940
'2025-05-21 19:37:17.432,108027.7,0.0000266,buy,740870941
'2025-05-21 19:37:17.432,108027.8,0.00001016,buy,740870942
'2025-05-21 19:37:17.432,108028,0.00316614,buy,740870943
'2025-05-21 19:37:17.432,108028.1,0.0000128,buy,740870944
'2025-05-21 19:37:17.432,108029.1,0.0001715,buy,740870949
'2025-05-21 19:37:17.432,108029.2,0.00006808,buy,740870950
'2025-05-21 19:37:17.432,108029.3,0.00001858,buy,740870951
'2025-05-21 19:37:17.445,108030,0.00001851,buy,740870952
'2025-05-21 19:37:17.517,108029.9,0.00004629,sell,740870953
'2025-05-21 19:37:17.536,108028.6,0.000178,sell,740870954
'2025-05-21 19:37:17.621,108028.7,0.00245847,buy,740870955
'2025-05-21 19:37:17.745,108028.6,0.00170961,sell,740870957
'2025-05-21 19:37:17.776,108028.6,0.00018216,sell,740870958
'2025-05-21 19:37:17.776,108027.1,0.00019199,sell,740870959
'2025-05-21 19:37:17.830,108022.2,0.00050834,sell,740870960
'2025-05-21 19:37:17.897,108022.2,0.001,sell,740870961
'2025-05-21 19:37:18.211,108022.2,0.00065523,sell,740870965
'2025-05-21 19:37:18.211,108020,0.00002,sell,740870966
'2025-05-21 19:37:18.217,108014.1,0.00096,sell,740870967
'2025-05-21 19:37:18.217,108012.5,0.0005,sell,740870968
'2025-05-21 19:37:18.227,108011.6,0.00055001,sell,740870970
'2025-05-21 19:37:18.227,108011.6,0.00055001,sell,740870971
'2025-05-21 19:37:18.230,108010,0.00081242,sell,740870974
'2025-05-21 19:37:18.230,108006,0.0185,sell,740870975
'2025-05-21 19:37:18.230,108005.8,0.01234735,sell,740870976
'2025-05-21 19:37:18.230,108005.1,0.00215,sell,740870977
'2025-05-21 19:37:18.230,108000,0.00211825,sell,740870981
'2025-05-21 19:37:18.230,107999.9,0.02686198,sell,740870982
'2025-05-21 19:37:18.301,108002,0.00036823,sell,740870983
'2025-05-21 19:37:18.302,108002,0.00043154,sell,740870984
'2025-05-21 19:37:18.304,108002,0.00051971,sell,740870985
'2025-05-21 19:37:18.304,108002.1,0.00001401,buy,740870986
'2025-05-21 19:37:18.306,108002.1,0.00009304,buy,740870987
'2025-05-21 19:37:18.307,108002,0.00006497,sell,740870988
'2025-05-21 19:37:18.308,108002,0.00005568,sell,740870989
'2025-05-21 19:37:18.309,108002,0.00059933,sell,740870990
'2025-05-21 19:37:18.314,108002,0.00048073,sell,740870991
'2025-05-21 19:37:18.314,108002,0.00052309,sell,740870992
'2025-05-21 19:37:18.316,108002,0.00007135,sell,740870993
'2025-05-21 19:37:18.320,108002,0.00047797,sell,740870994
'2025-05-21 19:37:18.326,108002,0.00040678,sell,740870995
'2025-05-21 19:37:18.326,108002,0.0004531,sell,740870996
'2025-05-21 19:37:18.412,108002,0.01603956,sell,740870999
'2025-05-21 19:37:18.412,108001.5,0.02423553,sell,740871000
'2025-05-21 19:37:18.412,108000,0.00002,sell,740871001
'2025-05-21 19:37:18.412,107999.4,0.02423599,sell,740871002
'2025-05-21 19:37:18.417,107997.7,0.00005,sell,740871003
'2025-05-21 19:37:18.507,107994.2,0.00316662,sell,740871004
'2025-05-21 19:37:18.577,107990,0.00081242,sell,740871007
'2025-05-21 19:37:18.587,107986.2,0.0001471,sell,740871008
'2025-05-21 19:37:18.608,107985.1,0.0231,buy,740871009
'2025-05-21 19:37:18.608,107985.1,0.07218,buy,740871010
'2025-05-21 19:37:18.608,107986,0.01157869,buy,740871011
'2025-05-21 19:37:18.608,107986.1,0.07624131,buy,740871019
'2025-05-21 19:37:18.608,107986.1,0.04,buy,740871023
'2025-05-21 19:37:18.608,107986.1,0.08,buy,740871025
'2025-05-21 19:37:18.609,107986,0.00010326,sell,740871026
'2025-05-21 19:37:18.610,107986,0.00010326,sell,740871027
'2025-05-21 19:37:18.610,107986.1,0.00054628,buy,740871029
'2025-05-21 19:37:18.610,107988.1,0.08079,buy,740871030
'2025-05-21 19:37:18.614,107990,0.00001,buy,740871031
'2025-05-21 19:37:18.616,108000,0.00080242,buy,740871034
'2025-05-21 19:37:18.616,108002.1,0.01851815,buy,740871035
'2025-05-21 19:37:18.616,108002.2,0.002,buy,740871036
'2025-05-21 19:37:18.616,108003.6,0.00088,buy,740871037
'2025-05-21 19:37:18.616,108003.7,0.01095884,buy,740871038
'2025-05-21 19:37:18.646,108008.2,0.11520012,sell,740871040
'2025-05-21 19:37:18.660,108008.3,0.00016519,buy,740871041
'2025-05-21 19:37:18.694,108008.2,0.00764,sell,740871042
'2025-05-21 19:37:18.744,108006.1,0.00083,buy,740871043
'2025-05-21 19:37:18.816,108008,0.00044756,sell,740871044
'2025-05-21 19:37:18.886,108008,0.00039475,sell,740871045
'2025-05-21 19:37:18.954,108008,0.00037451,sell,740871046
'2025-05-21 19:37:19.254,108008,0.00001066,sell,740871047
'2025-05-21 19:37:19.266,108008,0.0005,sell,740871048
'2025-05-21 19:37:19.417,108008,0.00009542,sell,740871049
'2025-05-21 19:37:19.564,108008.1,0.01,buy,740871052
'2025-05-21 19:37:19.627,108008,0.00022629,sell,740871054
'2025-05-21 19:37:19.637,108004.1,0.0005,sell,740871055
'2025-05-21 19:37:19.637,108002.9,0.00000001,sell,740871056
'2025-05-21 19:37:19.637,108002.9,0.00050001,sell,740871057
'2025-05-21 19:37:19.677,108000,0.00002,sell,740871058
'2025-05-21 19:37:19.801,107996,0.00412395,sell,740871059
'2025-05-21 19:37:19.910,107996.1,0.0002,buy,740871060
'2025-05-21 19:37:19.989,107996.1,0.00182951,buy,740871061
'2025-05-21 19:37:20.260,107996.1,0.01149172,buy,740871064
'2025-05-21 19:37:20.338,107998,0.00186237,sell,740871065
'2025-05-21 19:37:20.357,107998.1,0.09875942,buy,740871068
'2025-05-21 19:37:21.219,107999.9,0.00685,sell,740871069
'2025-05-21 19:37:21.767,107999.9,0.00022629,sell,740871071
'2025-05-21 19:37:21.921,107996.1,0.00628686,sell,740871072
'2025-05-21 19:37:21.921,107996,0.00013254,sell,740871073
'2025-05-21 19:37:21.921,107994,0.0185,sell,740871074
'2025-05-21 19:37:21.921,107992,0.00968636,sell,740871075
'2025-05-21 19:37:21.947,107992,0.00004629,sell,740871076
'2025-05-21 19:37:21.987,107990,0.00081242,sell,740871079
'2025-05-21 19:37:22.741,107988.2,0.00004629,buy,740871080
'2025-05-21 19:37:22.746,107989.9,0.01857989,sell,740871081
'2025-05-21 19:37:22.767,107990,0.0000563,buy,740871083
'2025-05-21 19:37:22.770,107995.9,0.03408342,sell,740871084
'2025-05-21 19:37:23.395,107996.1,0.06548349,buy,740871086
'2025-05-21 19:37:23.495,107999.9,0.03123043,sell,740871087
'2025-05-21 19:37:23.619,108000,0.04979142,buy,740871098
'2025-05-21 19:37:23.619,108007.7,0.00316711,buy,740871099
'2025-05-21 19:37:23.619,108008.1,0.03258981,buy,740871102
'2025-05-21 19:37:23.619,108008.2,0.0005,buy,740871103
'2025-05-21 19:37:23.619,108008.3,0.00925854,buy,740871104
'2025-05-21 19:37:23.619,108010,0.00080242,buy,740871107
'2025-05-21 19:37:23.619,108012.9,0.095289,buy,740871108
'2025-05-21 19:37:23.620,108012.9,0.00980554,buy,740871109
'2025-05-21 19:37:23.620,108013,0.00981798,buy,740871110
'2025-05-21 19:37:23.620,108018.1,0.00347648,buy,740871111
'2025-05-21 19:37:23.620,108018.1,0.03978352,buy,740871112
'2025-05-21 19:37:23.620,108018.5,0.02588149,buy,740871113
'2025-05-21 19:37:23.620,108020,0.00080242,buy,740871116
'2025-05-21 19:37:23.620,108022.1,0.012,buy,740871117
'2025-05-21 19:37:23.620,108022.2,0.00925466,buy,740871118
'2025-05-21 19:37:23.620,108022.3,0.04326,buy,740871119
'2025-05-21 19:37:23.620,108025.2,0.00363153,buy,740871120
'2025-05-21 19:37:23.620,108025.5,0.01963596,buy,740871121
'2025-05-21 19:37:23.620,108026.3,0.00462714,buy,740871122
'2025-05-21 19:37:23.620,108027.2,0.00112328,buy,740871123
'2025-05-21 19:37:23.620,108027.2,0.04,buy,740871124
'2025-05-21 19:37:23.620,108027.2,0.00213672,buy,740871125
'2025-05-21 19:37:23.620,108027.9,0.03103933,buy,740871126
'2025-05-21 19:37:23.620,108028,0.00002,buy,740871127
'2025-05-21 19:37:23.620,108028.7,0.04326,buy,740871128
'2025-05-21 19:37:23.620,108030,0.00354395,buy,740871134
'2025-05-21 19:37:23.620,108030,0.0046,buy,740871135
'2025-05-21 19:37:23.621,108030,0.03638967,buy,740871136
'2025-05-21 19:37:23.621,108030.1,0.00001002,buy,740871137
'2025-05-21 19:37:23.621,108030.3,0.07819031,buy,740871138
'2025-05-21 19:37:23.621,108030.3,0.06052742,buy,740871139
'2025-05-21 19:37:23.621,108030.4,0.00006081,buy,740871141
'2025-05-21 19:37:23.621,108030.6,0.00002628,buy,740871142
'2025-05-21 19:37:23.621,108030.9,0.00020285,buy,740871143
'2025-05-21 19:37:23.621,108031,0.00303258,buy,740871145
'2025-05-21 19:37:23.621,108031.3,0.0000123,buy,740871146
'2025-05-21 19:37:23.621,108031.5,0.00002051,buy,740871148
'2025-05-21 19:37:23.621,108031.6,0.00024917,buy,740871157
'2025-05-21 19:37:23.621,108031.9,0.00003152,buy,740871160
'2025-05-21 19:37:23.621,108032,0.00001609,buy,740871161
'2025-05-21 19:37:23.621,108032.3,0.00001034,buy,740871162
'2025-05-21 19:37:23.621,108032.4,0.00222731,buy,740871163
'2025-05-21 19:37:23.621,108032.5,0.0000786,buy,740871164
'2025-05-21 19:37:23.621,108032.7,0.00003537,buy,740871166
'2025-05-21 19:37:23.621,108032.8,0.00010012,buy,740871170
'2025-05-21 19:37:23.621,108032.9,0.02846673,buy,740871171
'2025-05-21 19:37:23.621,108033.3,0.00247868,buy,740871174
'2025-05-21 19:37:23.621,108033.4,0.00054772,buy,740871189
'2025-05-21 19:37:23.621,108033.6,0.00005182,buy,740871190
'2025-05-21 19:37:23.621,108033.7,0.00002016,buy,740871192
'2025-05-21 19:37:23.621,108033.8,0.00001375,buy,740871193
'2025-05-21 19:37:23.621,108034,0.00001191,buy,740871194
'2025-05-21 19:37:23.621,108034.3,0.00001124,buy,740871195
'2025-05-21 19:37:23.621,108034.4,0.000028,buy,740871196
'2025-05-21 19:37:23.621,108034.5,0.00003054,buy,740871199
'2025-05-21 19:37:23.621,108035,0.03031671,buy,740871203
'2025-05-21 19:37:23.621,108035.7,0.00256428,buy,740871208
'2025-05-21 19:37:23.621,108035.8,0.00022393,buy,740871209
'2025-05-21 19:37:23.621,108036.3,0.00001057,buy,740871210
'2025-05-21 19:37:23.621,108037.4,0.00002668,buy,740871211
'2025-05-21 19:37:23.621,108037.6,0.04347454,buy,740871212
'2025-05-21 19:37:23.624,108030,0.00955646,buy,740871213
'2025-05-21 19:37:23.640,108029.9,0.00926405,buy,740871214
'2025-05-21 19:37:23.661,108029.8,0.00046,sell,740871215
'2025-05-21 19:37:24.221,108029.8,0.000292,sell,740871217
'2025-05-21 19:37:24.283,108029.9,0.00087938,buy,740871219
'2025-05-21 19:37:24.355,108029.9,0.0060054,buy,740871220
'2025-05-21 19:37:24.355,108030,0.00001,buy,740871221
'2025-05-21 19:37:24.597,108037.9,0.1005,sell,740871224
'2025-05-21 19:37:25.167,108037.9,0.02844781,sell,740871227
'2025-05-21 19:37:25.170,108037.9,0.23366,sell,740871230
'2025-05-21 19:37:25.171,108037.9,0.00986,sell,740871231
'2025-05-21 19:37:25.171,108037.9,0.01055296,sell,740871232
'2025-05-21 19:37:25.172,108037.9,0.01354,sell,740871233
'2025-05-21 19:37:25.173,108037.9,0.04844,sell,740871234
'2025-05-21 19:37:25.173,108037.9,0.02595133,sell,740871235
'2025-05-21 19:37:25.173,108037.9,0.02351428,sell,740871236
'2025-05-21 19:37:25.174,108037.9,0.21117245,sell,740871241
'2025-05-21 19:37:25.174,108036.9,0.00478,sell,740871242
'2025-05-21 19:37:25.288,108033,0.01114948,sell,740871243
'2025-05-21 19:37:25.288,108033,0.24712638,sell,740871246
'2025-05-21 19:37:25.289,108033,0.01265988,sell,740871248
'2025-05-21 19:37:25.289,108033,0.01473351,sell,740871249
'2025-05-21 19:37:25.289,108033,0.07201389,sell,740871254
'2025-05-21 19:37:25.292,108030,0.00002,sell,740871255
'2025-05-21 19:37:25.292,108029.9,0.00508,sell,740871256
'2025-05-21 19:37:25.292,108029.9,0.00120583,sell,740871257
'2025-05-21 19:37:25.292,108029.8,0.00017417,sell,740871258
'2025-05-21 19:37:25.297,108024.9,0.00096,sell,740871259
'2025-05-21 19:37:25.307,108020,0.00081242,sell,740871262
'2025-05-21 19:37:25.333,108018.2,0.00207135,sell,740871263
'2025-05-21 19:37:25.419,108018.2,0.00046,sell,740871264
'2025-05-21 19:37:25.420,108018.2,0.00046,sell,740871265
'2025-05-21 19:37:25.425,108018.2,0.2487007,sell,740871269
'2025-05-21 19:37:25.426,108018.2,0.02490573,sell,740871272
'2025-05-21 19:37:25.426,108018.2,0.46877674,sell,740871277
'2025-05-21 19:37:25.426,108018,0.0185,sell,740871278
'2025-05-21 19:37:25.426,108016.7,0.00740514,sell,740871279
'2025-05-21 19:37:25.426,108016,0.0185,sell,740871280
'2025-05-21 19:37:25.426,108015.1,0.02353156,sell,740871281
'2025-05-21 19:37:25.896,108012.1,0.00004628,buy,740871282
'2025-05-21 19:37:25.896,108012.9,0.08520468,buy,740871283
'2025-05-21 19:37:25.896,108018.2,0.00678596,buy,740871285
'2025-05-21 19:37:25.896,108020,0.00001,buy,740871286
'2025-05-21 19:37:25.896,108020.1,0.01851538,buy,740871287
'2025-05-21 19:37:25.896,108020.2,0.00088,buy,740871288
'2025-05-21 19:37:25.896,108024,0.0185,buy,740871289
'2025-05-21 19:37:25.896,108024.8,0.1097477,buy,740871290
'2025-05-21 19:37:26.093,108022.1,0.08930152,buy,740871293
'2025-05-21 19:37:26.514,108022,0.01111546,sell,740871295
'2025-05-21 19:37:26.611,108022,0.009,sell,740871296
'2025-05-21 19:37:26.858,108022,0.07312943,sell,740871297
'2025-05-21 19:37:26.859,108022,0.16442971,sell,740871298
'2025-05-21 19:37:26.860,108022,0.16262086,sell,740871300
'2025-05-21 19:37:26.862,108020.9,0.00325637,sell,740871301
'2025-05-21 19:37:26.862,108020,0.00002,sell,740871302
'2025-05-21 19:37:26.868,108019,0.01,sell,740871303
'2025-05-21 19:37:26.872,108019,0.00018,sell,740871304
'2025-05-21 19:37:26.872,108018.2,0.00678619,sell,740871306
'2025-05-21 19:37:26.872,108018,0.00982,sell,740871307
'2025-05-21 19:37:26.920,108014.4,0.00455,sell,740871308
'2025-05-21 19:37:26.922,108014.4,0.09194,sell,740871310
'2025-05-21 19:37:26.927,108014.4,0.09094394,sell,740871311
'2025-05-21 19:37:26.927,108014.4,0.04055657,sell,740871312
'2025-05-21 19:37:26.927,108014.4,0.00619216,sell,740871313
'2025-05-21 19:37:26.928,108014.4,0.01076045,sell,740871314
'2025-05-21 19:37:26.928,108014.4,0.16907886,sell,740871316
'2025-05-21 19:37:26.937,108012,0.00013425,sell,740871317
'2025-05-21 19:37:26.943,108010.2,0.01402198,sell,740871318
'2025-05-21 19:37:26.943,108010,0.00077802,sell,740871320
'2025-05-21 19:37:26.943,108010,0.0000344,sell,740871322
'2025-05-21 19:37:26.944,108008.7,0.00740657,sell,740871323
'2025-05-21 19:37:26.944,108008.3,0.00007977,sell,740871324
'2025-05-21 19:37:26.944,108006.6,0.00316653,sell,740871325
'2025-05-21 19:37:26.947,108006.3,0.00096,sell,740871326
'2025-05-21 19:37:26.957,108000,0.00081242,sell,740871329
'2025-05-21 19:37:27.005,107992,0.00042288,sell,740871330
'2025-05-21 19:37:27.014,107992,0.00038286,sell,740871331
'2025-05-21 19:37:27.047,107990,0.00081242,sell,740871334
'2025-05-21 19:37:27.057,107985,0.00010325,sell,740871335
'2025-05-21 19:37:27.057,107981.5,0.00001501,sell,740871336
'2025-05-21 19:37:27.057,107980,0.00081242,sell,740871339
'2025-05-21 19:37:27.069,107979.3,0.00046,buy,740871341
'2025-05-21 19:37:27.072,107979.2,0.00012929,sell,740871342
'2025-05-21 19:37:27.122,107979.2,0.01775845,sell,740871344
'2025-05-21 19:37:27.159,107979.2,0.01775845,sell,740871345
'2025-05-21 19:37:27.159,107979.2,0.00012186,sell,740871346
'2025-05-21 19:37:27.225,107976.1,0.0002,buy,740871347
'2025-05-21 19:37:27.273,107976,0.002775,sell,740871348
'2025-05-21 19:37:27.512,107976,0.00023763,sell,740871349
'2025-05-21 19:37:27.513,107976,0.00035087,sell,740871350
'2025-05-21 19:37:27.518,107976,0.00044448,sell,740871351
'2025-05-21 19:37:27.560,107976,0.00981924,sell,740871354
'2025-05-21 19:37:27.560,107974.9,0.00020076,sell,740871355
'2025-05-21 19:37:27.560,107970,0.00081242,sell,740871358
'2025-05-21 19:37:27.560,107969.8,0.0000463,sell,740871359
'2025-05-21 19:37:27.560,107967.9,0.00096,sell,740871360
'2025-05-21 19:37:27.560,107964.2,0.02057789,sell,740871361
'2025-05-21 19:37:27.561,107975,0.01,buy,740871362
'2025-05-21 19:37:27.578,107972,0.00045026,sell,740871363
'2025-05-21 19:37:27.579,107972,0.00015787,sell,740871364
'2025-05-21 19:37:27.647,107972,0.00191066,sell,740871365
'2025-05-21 19:37:27.669,107972.1,0.03755,buy,740871366
'2025-05-21 19:37:27.812,107972,0.00282437,sell,740871367
'2025-05-21 19:37:27.924,107972,0.00013335,sell,740871368
'2025-05-21 19:37:28.060,107972,0.00046688,sell,740871369
'2025-05-21 19:37:28.067,107972.1,0.02127628,buy,740871373
'2025-05-21 19:37:28.074,107976,0.00628765,buy,740871374
'2025-05-21 19:37:28.074,107976.1,0.00697748,buy,740871376
'2025-05-21 19:37:28.074,107977.1,0.00013018,buy,740871377
'2025-05-21 19:37:28.074,107978,0.0185,buy,740871378
'2025-05-21 19:37:28.074,107980,0.01930242,buy,740871382
'2025-05-21 19:37:28.074,107980.2,0.00088,buy,740871383
'2025-05-21 19:37:28.075,107985.6,0.00182,buy,740871384
'2025-05-21 19:37:28.075,107990,0.00080242,buy,740871387
'2025-05-21 19:37:28.075,107991.7,0.012,buy,740871388
'2025-05-21 19:37:28.075,107992.1,0.12008702,buy,740871389
'2025-05-21 19:37:28.075,107992.1,0.12741298,buy,740871390
'2025-05-21 19:37:28.075,107993.9,0.00002,buy,740871391
'2025-05-21 19:37:28.075,107994,0.0185,buy,740871392
'2025-05-21 19:37:28.075,107994.3,0.00005,buy,740871393
'2025-05-21 19:37:28.075,107994.9,0.04,buy,740871394
'2025-05-21 19:37:28.075,107994.9,0.003222,buy,740871395
'2025-05-21 19:37:28.075,108000,0.00080242,buy,740871398
'2025-05-21 19:37:28.075,108000.1,0.043222,buy,740871399
'2025-05-21 19:37:28.075,108001.3,0.07934817,buy,740871400
'2025-05-21 19:37:28.075,108002.4,0.00226372,buy,740871401
'2025-05-21 19:37:28.075,108003.7,0.0092563,buy,740871402
'2025-05-21 19:37:28.075,108004.3,0.00215,buy,740871403
'2025-05-21 19:37:28.075,108004.4,0.01973539,buy,740871404
'2025-05-21 19:37:28.075,108004.4,0.08,buy,740871405
'2025-05-21 19:37:28.115,107998,0.00046,sell,740871406
'2025-05-21 19:37:28.226,107998,0.001854,sell,740871407
'2025-05-21 19:37:28.244,107998.1,0.00001,buy,740871408
'2025-05-21 19:37:28.248,107998,0.02651853,sell,740871410
'2025-05-21 19:37:28.299,107998,0.00036849,sell,740871411
'2025-05-21 19:37:28.340,107998.1,0.00607113,buy,740871413
'2025-05-21 19:37:28.791,108000,0.00976925,buy,740871416
'2025-05-21 19:37:28.843,108004.2,0.00027862,buy,740871417
'2025-05-21 19:37:28.937,108004.1,0.001622,sell,740871418
'2025-05-21 19:37:29.155,108004.2,0.05269,buy,740871420
'2025-05-21 19:37:29.197,108004.2,0.00034813,buy,740871421
'2025-05-21 19:37:29.968,108004.1,0.09810667,sell,740871424
'2025-05-21 19:37:29.969,108001.9,0.0033,sell,740871425
'2025-05-21 19:37:29.972,108001.9,0.00003132,sell,740871426
'2025-05-21 19:37:29.977,108000,0.00001,sell,740871427
'2025-05-21 19:37:30.362,107998.2,0.15737305,buy,740871430
'2025-05-21 19:37:30.972,107998.1,0.00651311,sell,740871433
'2025-05-21 19:37:30.987,107990,0.00080242,sell,740871436
'2025-05-21 19:37:30.987,107989.6,0.00000001,sell,740871437
'2025-05-21 19:37:30.987,107989.6,0.00049999,sell,740871438
'2025-05-21 19:37:30.987,107988,0.00030244,sell,740871439
'2025-05-21 19:37:31.257,107988.1,0.00048965,buy,740871441
'2025-05-21 19:37:31.304,107988.1,0.0281531,buy,740871442
'2025-05-21 19:37:31.414,107988.1,0.00049078,buy,740871443
'2025-05-21 19:37:31.450,107988.1,0.0669218,buy,740871445
'2025-05-21 19:37:31.450,107990,0.00001,buy,740871446
'2025-05-21 19:37:31.450,107998.1,0.01916947,buy,740871448
'2025-05-21 19:37:31.450,108000,0.00080242,buy,740871451
'2025-05-21 19:37:31.450,108001.8,0.10865991,buy,740871452
'2025-05-21 19:37:31.450,108001.8,0.03016522,buy,740871453
'2025-05-21 19:37:31.450,108003.1,0.00983478,buy,740871454
'2025-05-21 19:37:31.450,108003.1,0.01958899,buy,740871455
'2025-05-21 19:37:31.450,108004.1,0.01851883,buy,740871456
'2025-05-21 19:37:31.450,108004.2,0.03704807,buy,740871460
'2025-05-21 19:37:31.450,108006,0.012,buy,740871461
'2025-05-21 19:37:31.450,108008,0.06486987,buy,740871463
'2025-05-21 19:37:31.450,108009.3,0.03619503,buy,740871464
'2025-05-21 19:37:31.450,108009.3,0.12862,buy,740871465
'2025-05-21 19:37:31.450,108009.3,0.04339569,buy,740871466
'2025-05-21 19:37:31.450,108010,0.00080242,buy,740871469
'2025-05-21 19:37:31.450,108013.2,0.00462738,buy,740871470
'2025-05-21 19:37:31.450,108014.7,0.05417757,buy,740871471
'2025-05-21 19:37:31.450,108015.3,0.07715865,buy,740871472
'2025-05-21 19:37:31.450,108016.5,0.00002,buy,740871473
'2025-05-21 19:37:31.450,108018.7,0.00001,buy,740871474
'2025-05-21 19:37:31.450,108018.8,0.00925495,buy,740871475
'2025-05-21 19:37:31.450,108019,0.000015,buy,740871476
'2025-05-21 19:37:31.450,108020,0.00090567,buy,740871480
'2025-05-21 19:37:31.450,108020.3,0.03,buy,740871481
'2025-05-21 19:37:31.450,108020.4,0.03979438,buy,740871482
'2025-05-21 19:37:31.450,108020.4,0.03174547,buy,740871484
'2025-05-21 19:37:31.450,108020.9,0.036,buy,740871485
'2025-05-21 19:37:31.450,108021,0.09225453,buy,740871486
'2025-05-21 19:37:31.451,108021.1,0.07,buy,740871488
'2025-05-21 19:37:31.451,108022.1,0.043222,buy,740871489
'2025-05-21 19:37:31.451,108022.2,0.00001,buy,740871490
'2025-05-21 19:37:31.451,108026,0.0153898,buy,740871491
'2025-05-21 19:37:31.453,108009.3,0.00080243,buy,740871492
'2025-05-21 19:37:31.453,108009.3,0.00080243,buy,740871493
'2025-05-21 19:37:31.463,108020.4,0.00944002,buy,740871495
'2025-05-21 19:37:31.479,108020.8,0.1158,sell,740871500
'2025-05-21 19:37:31.483,108020.8,0.01180267,sell,740871501
'2025-05-21 19:37:31.485,108020.8,0.02489283,sell,740871503
'2025-05-21 19:37:31.488,108020,0.00046,sell,740871504
'2025-05-21 19:37:31.597,108020,0.0145,sell,740871506
'2025-05-21 19:37:32.030,108020,0.00224161,sell,740871508
'2025-05-21 19:37:32.117,108020,0.00018439,sell,740871509
'2025-05-21 19:37:32.292,108020,0.00163506,sell,740871510
'2025-05-21 19:37:32.619,108020,0.01874151,sell,740871511
'2025-05-21 19:37:33.127,108020.1,0.00018422,buy,740871512
'2025-05-21 19:37:33.166,108020,0.08024272,sell,740871513
'2025-05-21 19:37:33.739,108020,0.56774522,sell,740871522
'2025-05-21 19:37:33.747,108018.7,0.0005,sell,740871523
'2025-05-21 19:37:33.786,108016.9,0.018,sell,740871524
'2025-05-21 19:37:33.786,108016.9,0.002,sell,740871525
'2025-05-21 19:37:33.789,108016.9,0.02260381,sell,740871528
'2025-05-21 19:37:33.789,108015.3,0.03914599,sell,740871529
'2025-05-21 19:37:33.797,108010,0.00081242,sell,740871532
'2025-05-21 19:37:33.797,108008.8,0.00096,sell,740871533
'2025-05-21 19:37:33.797,108008,0.00000001,sell,740871534
'2025-05-21 19:37:33.797,108008,0.00177243,sell,740871535
'2025-05-21 19:37:33.801,108008,0.00177243,sell,740871536
'2025-05-21 19:37:33.801,108008,0.00177243,sell,740871537
'2025-05-21 19:37:34.228,108007.3,0.00050458,buy,740871538
'2025-05-21 19:37:34.537,108007.2,0.00018,sell,740871539
'2025-05-21 19:37:34.737,108000,0.00081242,sell,740871542
'2025-05-21 19:37:34.861,107998.1,0.00715995,sell,740871544
'2025-05-21 19:37:35.839,107990.1,0.05016759,buy,740871546
'2025-05-21 19:37:36.331,107990,0.0000984,sell,740871547
'2025-05-21 19:37:36.707,107990,0.00125861,sell,740871552
'2025-05-21 19:37:37.326,107986.5,0.006,sell,740871554
'2025-05-21 19:37:37.752,107986.6,0.00210328,buy,740871556
'2025-05-21 19:37:37.754,107986.6,0.00425726,buy,740871557
'2025-05-21 19:37:37.754,107990,0.00001,buy,740871558
'2025-05-21 19:37:37.754,107990.1,0.01682118,buy,740871559
'2025-05-21 19:37:37.755,107990.1,0.00425726,buy,740871560
'2025-05-21 19:37:37.755,107990.7,0.00009392,buy,740871561
'2025-05-21 19:37:38.163,107993.2,0.08032467,sell,740871562
'2025-05-21 19:37:38.915,107993.3,0.00058691,buy,740871564
'2025-05-21 19:37:38.915,107998.2,0.00316753,buy,740871565
'2025-05-21 19:37:38.915,108000,0.00684119,buy,740871569
'2025-05-21 19:37:39.190,108000,0.08925936,buy,740871570
'2025-05-21 19:37:39.197,108000,0.00471187,buy,740871572
'2025-05-21 19:37:39.947,108009.7,0.00022629,sell,740871574
'2025-05-21 19:37:40.004,108008.2,0.01369795,sell,740871576
'2025-05-21 19:37:40.004,108008,0.0166902,sell,740871577
'2025-05-21 19:37:40.004,108007.9,0.03000976,sell,740871578
'2025-05-21 19:37:40.004,108004.9,0.00028874,sell,740871579
'2025-05-21 19:37:40.006,108004.9,0.05231576,sell,740871580
'2025-05-21 19:37:40.017,108000,0.00001,sell,740871581
'2025-05-21 19:37:40.054,107998.2,0.00628689,sell,740871582
'2025-05-21 19:37:40.188,107994.5,0.01156598,sell,740871584
'2025-05-21 19:37:40.197,107990,0.00080242,sell,740871587
'2025-05-21 19:37:40.197,107989.7,0.00005,sell,740871588
'2025-05-21 19:37:40.511,107986.6,0.0033474,sell,740871590
'2025-05-21 19:37:40.517,107985,0.00010325,sell,740871591
'2025-05-21 19:37:40.517,107980,0.00080242,sell,740871594
'2025-05-21 19:37:40.926,107974.1,0.0002,buy,740871595
'2025-05-21 19:37:41.327,107974,0.0014,sell,740871596
'2025-05-21 19:37:41.350,107974,0.00051619,sell,740871597
'2025-05-21 19:37:41.351,107974,0.000144,sell,740871598
'2025-05-21 19:37:41.351,107974,0.00051619,sell,740871599
'2025-05-21 19:37:41.351,107974,0.00051619,sell,740871600
'2025-05-21 19:37:41.351,107974,0.00348645,sell,740871605
'2025-05-21 19:37:41.554,107972,0.00672008,sell,740871612
'2025-05-21 19:37:41.554,107971,0.00640987,sell,740871613
'2025-05-21 19:37:41.556,107971,0.00359013,sell,740871614
'2025-05-21 19:37:41.556,107970,0.00198191,sell,740871618
'2025-05-21 19:37:41.557,107970,0.00882051,sell,740871619
'2025-05-21 19:37:41.706,107962.4,0.00098101,sell,740871620
'2025-05-21 19:37:41.706,107962.4,0.00098101,sell,740871621
'2025-05-21 19:37:41.714,107962.4,0.000045,sell,740871622
'2025-05-21 19:37:41.714,107960.7,0.0010805,sell,740871623
'2025-05-21 19:37:41.714,107960,0.00084418,sell,740871627
'2025-05-21 19:37:41.714,107953.4,0.02167032,sell,740871628
'2025-05-21 19:37:41.714,107953.4,0.00112658,sell,740871629
'2025-05-21 19:37:41.714,107952.4,0.01140289,sell,740871630
'2025-05-21 19:37:41.714,107950,0.00090567,sell,740871634
'2025-05-21 19:37:41.714,107949.3,0.01020486,sell,740871635
'2025-05-21 19:37:41.717,107949.3,0.0092599,sell,740871636
'2025-05-21 19:37:42.141,107949.3,0.00022123,sell,740871637
'2025-05-21 19:37:42.147,107949.3,0.00023185,sell,740871638
'2025-05-21 19:37:42.374,107949.3,0.00225259,sell,740871639
'2025-05-21 19:37:42.717,107949.3,0.40365015,sell,740871643
'2025-05-21 19:37:42.719,107948.8,0.00187108,sell,740871644
'2025-05-21 19:37:42.726,107945.1,0.00093,sell,740871645
'2025-05-21 19:37:42.726,107944.9,0.01977,sell,740871646
'2025-05-21 19:37:42.737,107944.2,0.00002201,sell,740871647
'2025-05-21 19:37:42.747,107940,0.00081242,sell,740871650
'2025-05-21 19:37:42.747,107939.2,0.00002201,sell,740871651
'2025-05-21 19:37:42.881,107937.8,0.00170635,buy,740871653
'2025-05-21 19:37:43.717,107937.7,0.00393418,sell,740871656
'2025-05-21 19:37:43.717,107933.3,0.00015835,sell,740871657
'2025-05-21 19:37:43.717,107932.3,0.00004632,sell,740871658
'2025-05-21 19:37:43.924,107930,0.00006138,sell,740871659
'2025-05-21 19:37:44.012,107930.1,0.0002,buy,740871660
'2025-05-21 19:37:44.276,107930,0.0001405,sell,740871661
'2025-05-21 19:37:44.291,107930,0.00125077,sell,740871665
'2025-05-21 19:37:44.344,107930,0.00014049,sell,740871666
'2025-05-21 19:37:44.578,107930.1,0.00470119,buy,740871668
'2025-05-21 19:37:44.579,107932.8,0.0005,buy,740871669
'2025-05-21 19:37:44.819,107937.7,0.00628844,buy,740871670
'2025-05-21 19:37:44.845,107939.9,0.00093852,sell,740871671
'2025-05-21 19:37:45.218,107940,0.00089863,buy,740871675
'2025-05-21 19:37:46.174,107946.9,0.00113848,buy,740871677
'2025-05-21 19:37:46.355,107949.3,0.00338355,buy,740871679
'2025-05-21 19:37:46.355,107950,0.00080242,buy,740871682
'2025-05-21 19:37:46.399,107959.9,0.00089641,sell,740871683
'2025-05-21 19:37:47.332,107960,0.00179677,buy,740871687
'2025-05-21 19:37:47.332,107960.7,0.0049,buy,740871688
'2025-05-21 19:37:47.332,107960.9,0.00297692,buy,740871689
'2025-05-21 19:37:47.333,107960.9,0.00019216,buy,740871690
'2025-05-21 19:37:47.548,107970,0.0017228,buy,740871694
'2025-05-21 19:37:47.550,107972.4,0.00001,buy,740871695
'2025-05-21 19:37:48.688,107972.4,0.018,sell,740871696
'2025-05-21 19:37:49.115,107972.5,0.01,buy,740871699
'2025-05-21 19:37:49.129,107972.5,0.00046,buy,740871700
'2025-05-21 19:37:49.133,107972.5,0.00046,buy,740871701
'2025-05-21 19:37:49.133,107972.5,0.04324,buy,740871703
'2025-05-21 19:37:49.133,107974.4,0.01398503,buy,740871704
'2025-05-21 19:37:49.133,107977.7,0.18787625,buy,740871705
'2025-05-21 19:37:49.133,107978,0.0185,buy,740871706
'2025-05-21 19:37:49.133,107978.1,0.00088,buy,740871707
'2025-05-21 19:37:49.133,107978.3,0.01852324,buy,740871708
'2025-05-21 19:37:49.133,107979.5,0.00001,buy,740871709
'2025-05-21 19:37:49.133,107979.6,0.07048014,buy,740871710
'2025-05-21 19:37:49.133,107980,0.00080242,buy,740871713
'2025-05-21 19:37:49.133,107981.4,0.00005,buy,740871714
'2025-05-21 19:37:49.133,107983,0.00001,buy,740871715
'2025-05-21 19:37:49.133,107983.1,0.00156682,buy,740871716
'2025-05-21 19:37:49.133,107983.5,0.00182,buy,740871717
'2025-05-21 19:37:49.133,107984.1,0.00316807,buy,740871718
'2025-05-21 19:37:49.133,107985,0.00010325,buy,740871719
'2025-05-21 19:37:49.133,107986.6,0.00044996,buy,740871721
'2025-05-21 19:37:49.133,107986.7,0.75187511,buy,740871722
'2025-05-21 19:37:49.133,107986.9,0.000015,buy,740871723
'2025-05-21 19:37:49.134,107987.5,0.0000125,buy,740871724
'2025-05-21 19:37:49.134,107988.7,0.0004475,buy,740871725
'2025-05-21 19:37:49.134,107988.7,0.18742875,buy,740871726
'2025-05-21 19:37:49.134,107988.9,0.02836113,buy,740871727
'2025-05-21 19:37:49.134,107989.2,0.02779681,buy,740871728
'2025-05-21 19:37:49.134,107989.3,0.02304423,buy,740871729
'2025-05-21 19:37:49.134,107989.4,0.00740878,buy,740871730
'2025-05-21 19:37:49.134,107989.5,0.0719203,buy,740871731
'2025-05-21 19:37:49.136,107989.6,0.0000125,buy,740871732
'2025-05-21 19:37:49.136,107990,0.0004475,buy,740871733
'2025-05-21 19:37:49.136,107990,0.00035492,buy,740871736
'2025-05-21 19:37:49.136,107990.1,0.03016792,buy,740871738
'2025-05-21 19:37:49.136,107990.2,0.00001,buy,740871739
'2025-05-21 19:37:49.136,107990.7,0.0000125,buy,740871740
'2025-05-21 19:37:49.136,107991.1,0.05178869,buy,740871741
'2025-05-21 19:37:49.136,107993.8,0.00462826,buy,740871742
'2025-05-21 19:37:49.136,107993.9,0.01149093,buy,740871743
'2025-05-21 19:37:49.136,107995.3,0.00002,buy,740871744
'2025-05-21 19:37:49.136,107995.9,0.00925697,buy,740871745
'2025-05-21 19:37:49.136,107996.1,0.0000125,buy,740871746
'2025-05-21 19:37:49.136,107998.3,0.05165857,buy,740871747
'2025-05-21 19:37:49.136,107999.1,0.07376075,buy,740871748
'2025-05-21 19:37:49.136,107999.9,0.00015835,buy,740871749
'2025-05-21 19:37:49.136,108000,0.00083418,buy,740871753
'2025-05-21 19:37:49.137,107998,0.01852324,buy,740871754
'2025-05-21 19:37:49.137,108000.9,0.00001,buy,740871755
'2025-05-21 19:37:49.137,108001.7,0.00225885,buy,740871756
'2025-05-21 19:37:49.137,108001.8,0.00004632,buy,740871757
'2025-05-21 19:37:49.137,108002.2,0.07152888,buy,740871758
'2025-05-21 19:37:49.137,108002.2,0.03223656,buy,740871759
'2025-05-21 19:37:49.137,108002.3,0.03584462,buy,740871760
'2025-05-21 19:37:49.137,108002.3,0.00887632,buy,740871761
'2025-05-21 19:37:49.137,108002.3,0.09328623,buy,740871762
'2025-05-21 19:37:49.137,108002.8,0.04321692,buy,740871763
'2025-05-21 19:37:49.137,108004.4,0.01853324,buy,740871765
'2025-05-21 19:37:49.137,108006.4,0.01852324,buy,740871766
'2025-05-21 19:37:49.137,108007.6,0.03,buy,740871767
'2025-05-21 19:37:49.137,108007.8,0.03,buy,740871768
'2025-05-21 19:37:49.137,108008,0.00001,buy,740871769
'2025-05-21 19:37:49.137,108008.4,0.00002,buy,740871770
'2025-05-21 19:37:49.137,108008.8,0.0074098,buy,740871771
'2025-05-21 19:37:49.137,108010,0.00079242,buy,740871773
'2025-05-21 19:37:49.137,108010.8,0.02298,buy,740871774
'2025-05-21 19:37:49.137,108011.6,0.00001,buy,740871775
'2025-05-21 19:37:49.137,108012.1,0.0317213,buy,740871776
'2025-05-21 19:37:49.137,108012.1,0.0012787,buy,740871777
'2025-05-21 19:37:49.137,108012.6,0.0387213,buy,740871778
'2025-05-21 19:37:49.137,108012.6,0.01664664,buy,740871779
'2025-05-21 19:37:49.137,108013.2,0.03,buy,740871780
'2025-05-21 19:37:49.137,108013.5,0.033,buy,740871781
'2025-05-21 19:37:49.137,108013.6,0.00035336,buy,740871782
'2025-05-21 19:37:49.138,108013.6,0.01759828,buy,740871783
'2025-05-21 19:37:49.139,108013.6,0.01319363,buy,740871784
'2025-05-21 19:37:49.139,108013.6,0.00185473,buy,740871785
'2025-05-21 19:37:49.139,108014.4,0.01852324,buy,740871786
'2025-05-21 19:37:49.139,108015.1,0.00001,buy,740871787
'2025-05-21 19:37:49.139,108018.7,0.00001,buy,740871788
'2025-05-21 19:37:49.141,108020,0.00090567,buy,740871792
'2025-05-21 19:37:49.141,108022.2,0.00001,buy,740871793
'2025-05-21 19:37:49.141,108022.8,0.02777091,buy,740871794
'2025-05-21 19:37:49.141,108023.2,0.00215,buy,740871795
'2025-05-21 19:37:49.141,108023.9,0.18514421,buy,740871796
'2025-05-21 19:37:49.141,108024,0.02862,buy,740871797
'2025-05-21 19:37:49.141,108025.1,0.00760777,buy,740871798
'2025-05-21 19:37:49.141,108025.1,0.04,buy,740871799
'2025-05-21 19:37:49.142,108025.8,0.00001,buy,740871800
'2025-05-21 19:37:49.142,108029.4,0.00001,buy,740871801
'2025-05-21 19:37:49.142,108030,0.00079242,buy,740871803
'2025-05-21 19:37:49.142,108032.9,0.00001,buy,740871804
'2025-05-21 19:37:49.142,108034.9,0.02778283,buy,740871805
'2025-05-21 19:37:49.142,108036.4,0.04,buy,740871806
'2025-05-21 19:37:49.142,108037.3,0.0015079,buy,740871807
'2025-05-21 19:37:49.142,108037.4,0.01106027,buy,740871808
'2025-05-21 19:37:49.142,108038,0.00001053,buy,740871809
'2025-05-21 19:37:49.142,108038.1,0.00002821,buy,740871811
'2025-05-21 19:37:49.142,108038.2,0.24028,buy,740871812
'2025-05-21 19:37:49.142,108038.5,0.00004977,buy,740871813
'2025-05-21 19:37:49.142,108038.7,0.00043623,buy,740871819
'2025-05-21 19:37:49.142,108039,0.00003984,buy,740871820
'2025-05-21 19:37:49.142,108039.2,0.00003008,buy,740871821
'2025-05-21 19:37:49.142,108039.4,0.10002968,buy,740871823
'2025-05-21 19:37:49.142,108039.6,0.00050239,buy,740871824
'2025-05-21 19:37:49.142,108039.9,0.00007315,buy,740871825
'2025-05-21 19:37:49.142,108040,0.0044386,buy,740871838
'2025-05-21 19:37:49.142,108040.1,0.00001,buy,740871839
'2025-05-21 19:37:49.142,108040.2,0.00001026,buy,740871840
'2025-05-21 19:37:49.143,108029.4,0.01861136,buy,740871841
'2025-05-21 19:37:49.143,108029.4,0.00915787,buy,740871842
'2025-05-21 19:37:49.145,108040.4,0.00026033,buy,740871844
'2025-05-21 19:37:49.145,108040.5,0.00005165,buy,740871845
'2025-05-21 19:37:49.145,108040.8,0.00048466,buy,740871846
'2025-05-21 19:37:49.145,108040.9,0.00001525,buy,740871847
'2025-05-21 19:37:49.145,108041,0.00001085,buy,740871848
'2025-05-21 19:37:49.145,108041.1,0.00001054,buy,740871849
'2025-05-21 19:37:49.145,108041.3,0.00031753,buy,740871854
'2025-05-21 19:37:49.146,108041.6,0.0003115,buy,740871855
'2025-05-21 19:37:49.146,108041.8,0.00001058,buy,740871856
'2025-05-21 19:37:49.146,108042.6,0.00005001,buy,740871857
'2025-05-21 19:37:49.146,108043,0.00206454,buy,740871860
'2025-05-21 19:37:49.146,108043.1,0.00004525,buy,740871864
'2025-05-21 19:37:49.146,108043.2,0.0002136,buy,740871865
'2025-05-21 19:37:49.146,108043.3,0.00003349,buy,740871866
'2025-05-21 19:37:49.146,108043.4,0.00004282,buy,740871867
'2025-05-21 19:37:49.146,108043.5,0.01507857,buy,740871870
'2025-05-21 19:37:49.146,108043.6,0.00001,buy,740871871
'2025-05-21 19:37:49.146,108043.7,0.00003073,buy,740871873
'2025-05-21 19:37:49.146,108043.9,0.00030891,buy,740871876
'2025-05-21 19:37:49.146,108043.9,0.00042592,buy,740871879
'2025-05-21 19:37:49.146,108044,0.0094636,buy,740871881
'2025-05-21 19:37:49.146,108044.2,0.00053772,buy,740871886
'2025-05-21 19:37:49.146,108044.4,0.00003426,buy,740871887
'2025-05-21 19:37:49.146,108044.6,0.0000204,buy,740871889
'2025-05-21 19:37:49.146,108044.7,0.00067042,buy,740871900
'2025-05-21 19:37:49.146,108044.8,0.00215,buy,740871901
'2025-05-21 19:37:49.147,108045,0.00006124,buy,740871903
'2025-05-21 19:37:49.147,108045.5,0.00118884,buy,740871907
'2025-05-21 19:37:49.147,108045.7,0.00001866,buy,740871908
'2025-05-21 19:37:49.147,108045.8,0.00004583,buy,740871909
'2025-05-21 19:37:49.147,108046,0.00002148,buy,740871911
'2025-05-21 19:37:49.147,108046.1,0.00002371,buy,740871913
'2025-05-21 19:37:49.147,108046.6,0.00001381,buy,740871914
'2025-05-21 19:37:49.147,108046.8,0.0000191,buy,740871915
'2025-05-21 19:37:49.147,108047.2,0.00003892,buy,740871918
'2025-05-21 19:37:49.147,108047.3,0.00002838,buy,740871920
'2025-05-21 19:37:49.147,108047.6,0.00046022,buy,740871926
'2025-05-21 19:37:49.147,108047.9,0.0000511,buy,740871927
'2025-05-21 19:37:49.147,108048.2,0.00005412,buy,740871929
'2025-05-21 19:37:49.147,108048.3,0.0001438,buy,740871930
'2025-05-21 19:37:49.147,108048.7,0.00002179,buy,740871932
'2025-05-21 19:37:49.147,108049.3,0.00007302,buy,740871933
'2025-05-21 19:37:49.147,108049.8,0.00012276,buy,740871937
'2025-05-21 19:37:49.147,108049.9,0.00180065,buy,740871942
'2025-05-21 19:37:49.147,108050,0.01641238,buy,740871954
'2025-05-21 19:37:49.147,108050.2,0.00001158,buy,740871955
'2025-05-21 19:37:49.147,108050.3,0.00001004,buy,740871956
'2025-05-21 19:37:49.147,108050.5,0.0002003,buy,740871957
'2025-05-21 19:37:49.147,108050.7,0.00005206,buy,740871959
'2025-05-21 19:37:49.147,108050.8,0.00004852,buy,740871963
'2025-05-21 19:37:49.147,108050.9,0.00003191,buy,740871965
'2025-05-21 19:37:49.147,108051.4,0.00001467,buy,740871966
'2025-05-21 19:37:49.147,108051.6,0.00046309,buy,740871967
'2025-05-21 19:37:49.147,108051.8,0.00002354,buy,740871968
'2025-05-21 19:37:49.147,108051.9,0.00001007,buy,740871969
'2025-05-21 19:37:49.147,108052.1,0.00003574,buy,740871971
'2025-05-21 19:37:49.147,108052.2,0.07275696,buy,740871975
'2025-05-21 19:37:49.147,108052.6,0.00001046,buy,740871976
'2025-05-21 19:37:49.147,108052.9,0.00001007,buy,740871977
'2025-05-21 19:37:49.147,108053,0.00001113,buy,740871978
'2025-05-21 19:37:49.147,108053.2,0.00174079,buy,740871981
'2025-05-21 19:37:49.147,108054.3,0.00001,buy,740871982
'2025-05-21 19:37:49.147,108054.5,0.001579,buy,740871984
'2025-05-21 19:37:49.147,108054.7,0.00006,buy,740871985
'2025-05-21 19:37:49.147,108055,0.00010325,buy,740871986
'2025-05-21 19:37:49.147,108055.3,0.0341319,buy,740871992
'2025-05-21 19:37:49.147,108055.3,0.0162826,buy,740871995
'2025-05-21 19:37:49.147,108055.5,0.00027181,buy,740872006
'2025-05-21 19:37:49.147,108055.6,0.00981851,buy,740872007
'2025-05-21 19:37:49.147,108055.9,0.00001793,buy,740872008
'2025-05-21 19:37:49.147,108056,0.00001038,buy,740872009
'2025-05-21 19:37:49.147,108056.7,0.00671397,buy,740872013
'2025-05-21 19:37:49.147,108056.8,0.03711895,buy,740872015
'2025-05-21 19:37:49.147,108057.1,0.00016104,buy,740872016
'2025-05-21 19:37:49.147,108057.3,0.00008289,buy,740872017
'2025-05-21 19:37:49.147,108057.4,0.00393057,buy,740872018
'2025-05-21 19:37:49.147,108057.5,0.0000105,buy,740872019
'2025-05-21 19:37:49.147,108057.8,0.00419311,buy,740872020
'2025-05-21 19:37:49.147,108057.9,0.00001,buy,740872021
'2025-05-21 19:37:49.147,108058.2,0.00001047,buy,740872022
'2025-05-21 19:37:49.147,108058.3,0.00041518,buy,740872023
'2025-05-21 19:37:49.147,108058.3,0.0617,buy,740872024
'2025-05-21 19:37:49.147,108049.9,0.00508083,buy,740872025
'2025-05-21 19:37:49.148,108058.3,0.04534203,buy,740872026
'2025-05-21 19:37:49.148,108058.8,0.00060949,buy,740872028
'2025-05-21 19:37:49.148,108058.9,0.00003113,buy,740872029
'2025-05-21 19:37:49.148,108059.1,0.40041735,buy,740872030
'2025-05-21 19:37:49.148,108059.1,0.0268593,buy,740872031
'2025-05-21 19:37:49.148,108059.2,0.00002649,buy,740872032
'2025-05-21 19:37:49.148,108059.4,0.00006575,buy,740872033
'2025-05-21 19:37:49.148,108060,0.0009041,buy,740872039
'2025-05-21 19:37:49.148,108060.1,0.00006629,buy,740872041
'2025-05-21 19:37:49.148,108060.5,0.04111172,buy,740872042
'2025-05-21 19:37:49.148,108060.5,0.00225479,buy,740872043
'2025-05-21 19:37:49.148,108060.9,0.00002379,buy,740872045
'2025-05-21 19:37:49.148,108061.1,0.00005571,buy,740872046
'2025-05-21 19:37:49.148,108061.5,0.00467406,buy,740872048
'2025-05-21 19:37:49.148,108062.1,0.00073182,buy,740872049
'2025-05-21 19:37:49.148,108062.3,0.00001029,buy,740872050
'2025-05-21 19:37:49.148,108062.5,0.0001772,buy,740872053
'2025-05-21 19:37:49.148,108062.7,0.00092573,buy,740872065
'2025-05-21 19:37:49.148,108063.1,0.00003574,buy,740872068
'2025-05-21 19:37:49.148,108063.2,0.00003049,buy,740872071
'2025-05-21 19:37:49.148,108063.3,0.00016922,buy,740872072
'2025-05-21 19:37:49.148,108063.9,0.00043677,buy,740872073
'2025-05-21 19:37:49.148,108064.1,0.00030966,buy,740872074
'2025-05-21 19:37:49.148,108064.5,0.00183511,buy,740872081
'2025-05-21 19:37:49.148,108064.8,0.01147342,buy,740872082
'2025-05-21 19:37:49.152,108064.8,0.0074,buy,740872083
'2025-05-21 19:37:49.153,108052.2,0.0617,buy,740872084
'2025-05-21 19:37:49.154,108064.8,0.0074,buy,740872085
'2025-05-21 19:37:49.154,108055.3,0.0008,buy,740872086
'2025-05-21 19:37:49.154,108064.8,0.0074,buy,740872087
'2025-05-21 19:37:49.155,108060.4,0.00188356,buy,740872088
'2025-05-21 19:37:49.155,108060.5,0.0218015,buy,740872089
'2025-05-21 19:37:49.156,108064.8,0.0023,buy,740872090
'2025-05-21 19:37:49.157,108064.8,0.0074,buy,740872091
'2025-05-21 19:37:49.157,108062,0.00015,buy,740872092
'2025-05-21 19:37:49.157,108062,0.0051,buy,740872093
'2025-05-21 19:37:49.157,108062,0.00133356,buy,740872094
'2025-05-21 19:37:49.157,108062.1,0.00606644,buy,740872095
'2025-05-21 19:37:49.158,108064.8,0.00291428,buy,740872096
'2025-05-21 19:37:49.158,108065,0.00001,buy,740872097
'2025-05-21 19:37:49.158,108065.3,0.00092536,buy,740872098
'2025-05-21 19:37:49.158,108065.4,0.00004751,buy,740872099
'2025-05-21 19:37:49.158,108065.5,0.00026056,buy,740872101
'2025-05-21 19:37:49.158,108066,0.00055787,buy,740872107
'2025-05-21 19:37:49.158,108066.5,0.001,buy,740872108
'2025-05-21 19:37:49.158,108066.6,0.00146379,buy,740872119
'2025-05-21 19:37:49.158,108066.9,0.00002573,buy,740872120
'2025-05-21 19:37:49.158,108067.3,0.0001949,buy,740872124
'2025-05-21 19:37:49.158,108067.3,0.00000322,buy,740872125
'2025-05-21 19:37:49.158,108068.1,0.00040434,buy,740872129
'2025-05-21 19:37:49.158,108068.3,0.00113635,buy,740872130
'2025-05-21 19:37:49.158,108068.4,0.00001117,buy,740872131
'2025-05-21 19:37:49.158,108068.5,0.00678292,buy,740872132
'2025-05-21 19:37:49.158,108068.6,0.00001,buy,740872133
'2025-05-21 19:37:49.158,108068.9,0.00001005,buy,740872134
'2025-05-21 19:37:49.158,108069,0.00083,buy,740872135
'2025-05-21 19:37:49.158,108069.3,0.00001343,buy,740872136
'2025-05-21 19:37:49.158,108069.5,0.00003112,buy,740872137
'2025-05-21 19:37:49.158,108069.6,0.00002106,buy,740872138
'2025-05-21 19:37:49.158,108070,0.00866144,buy,740872143
'2025-05-21 19:37:49.158,108070.2,0.0361849,buy,740872144
'2025-05-21 19:37:49.158,108070.2,0.02160389,buy,740872145
'2025-05-21 19:37:49.158,108070.2,0.01717063,buy,740872146
'2025-05-21 19:37:49.159,108070.2,0.01535327,buy,740872147
'2025-05-21 19:37:49.159,108070.2,0.0074,buy,740872148
'2025-05-21 19:37:49.159,108065.9,0.00232475,sell,740872149
'2025-05-21 19:37:49.159,108070.2,0.0074,buy,740872150
'2025-05-21 19:37:49.160,108070.2,0.0074,buy,740872151
'2025-05-21 19:37:49.162,108070,0.00001,buy,740872152
'2025-05-21 19:37:49.162,108070.2,0.00739,buy,740872153
'2025-05-21 19:37:49.163,108070.2,0.06195,buy,740872154
'2025-05-21 19:37:49.164,108070.2,0.06165,buy,740872155
'2025-05-21 19:37:49.165,108065.9,0.00046,sell,740872156
'2025-05-21 19:37:49.166,108070.1,0.00115,buy,740872157
'2025-05-21 19:37:49.166,108070.2,0.06733,buy,740872158
'2025-05-21 19:37:49.166,108070.2,0.01389211,buy,740872159
'2025-05-21 19:37:49.166,108070.2,0.0046307,buy,740872160
'2025-05-21 19:37:49.167,108070.2,0.01389211,buy,740872161
'2025-05-21 19:37:49.167,108070.2,0.00926141,buy,740872162
'2025-05-21 19:37:49.167,108070.2,0.00185228,buy,740872163
'2025-05-21 19:37:49.168,108070.2,0.23003,buy,740872164
'2025-05-21 19:37:49.168,108070.1,0.0001,buy,740872165
'2025-05-21 19:37:49.168,108070.1,0.01389211,buy,740872166
'2025-05-21 19:37:49.168,108070.1,0.00520889,buy,740872167
'2025-05-21 19:37:49.168,108070.2,0.0964287,buy,740872168
'2025-05-21 19:37:49.169,108070.5,0.0000102,buy,740872169
'2025-05-21 19:37:49.169,108070.6,0.00001398,buy,740872170
'2025-05-21 19:37:49.169,108070.7,0.00001509,buy,740872171
'2025-05-21 19:37:49.169,108071.3,0.00002682,buy,740872173
'2025-05-21 19:37:49.169,108071.4,0.00959485,buy,740872174
'2025-05-21 19:37:49.169,108071.5,0.00001018,buy,740872175
'2025-05-21 19:37:49.169,108071.6,0.00004947,buy,740872177
'2025-05-21 19:37:49.169,108071.7,0.00001118,buy,740872178
'2025-05-21 19:37:49.169,108072.2,0.00001,buy,740872179
'2025-05-21 19:37:49.169,108072.3,0.00038315,buy,740872180
'2025-05-21 19:37:49.169,108072.4,0.0002742,buy,740872182
'2025-05-21 19:37:49.169,108072.5,0.00001102,buy,740872183
'2025-05-21 19:37:49.169,108072.9,0.00024027,buy,740872185
'2025-05-21 19:37:49.169,108073.3,0.01101017,buy,740872187
'2025-05-21 19:37:49.169,108073.5,0.00417936,buy,740872188
'2025-05-21 19:37:49.169,108073.7,0.00060646,buy,740872190
'2025-05-21 19:37:49.169,108074,0.00001031,buy,740872191
'2025-05-21 19:37:49.169,108074.1,0.00003084,buy,740872192
'2025-05-21 19:37:49.169,108074.4,0.00038235,buy,740872193
'2025-05-21 19:37:49.169,108074.7,0.00002071,buy,740872194
'2025-05-21 19:37:49.169,108074.8,0.00022971,buy,740872196
'2025-05-21 19:37:49.169,108074.9,0.00014781,buy,740872197
'2025-05-21 19:37:49.169,108075,0.00001439,buy,740872198
'2025-05-21 19:37:49.169,108075.7,0.00003003,buy,740872201
'2025-05-21 19:37:49.169,108076.1,0.0005521,buy,740872203
'2025-05-21 19:37:49.169,108076.4,0.00054015,buy,740872210
'2025-05-21 19:37:49.169,108076.8,0.0023453,buy,740872215
'2025-05-21 19:37:49.169,108076.9,0.02161854,buy,740872220
'2025-05-21 19:37:49.169,108077.1,0.0088004,buy,740872226
'2025-05-21 19:37:49.169,108077.2,0.00002318,buy,740872228
'2025-05-21 19:37:49.169,108077.4,0.00009318,buy,740872230
'2025-05-21 19:37:49.169,108077.7,0.0001566,buy,740872232
'2025-05-21 19:37:49.169,108077.8,0.01068841,buy,740872233
'2025-05-21 19:37:49.169,108077.8,0.00648298,buy,740872234
'2025-05-21 19:37:49.171,108077.8,0.0127,buy,740872235
'2025-05-21 19:37:49.171,108067.4,0.0127,buy,740872236
'2025-05-21 19:37:49.171,108067.4,0.0003,buy,740872237
'2025-05-21 19:37:49.171,108067.4,0.0008,buy,740872238
'2025-05-21 19:37:49.171,108067.4,0.0001,buy,740872239
'2025-05-21 19:37:49.171,108067.4,0.06689,buy,740872240
'2025-05-21 19:37:49.171,108077.8,0.0013,buy,740872241
'2025-05-21 19:37:49.172,108077.8,0.0006,buy,740872242
'2025-05-21 19:37:49.173,108069.5,0.0127,buy,740872243
'2025-05-21 19:37:49.173,108069.5,0.0013,buy,740872244
'2025-05-21 19:37:49.173,108069.5,0.0002,buy,740872245
'2025-05-21 19:37:49.173,108069.5,0.024,buy,740872246
'2025-05-21 19:37:49.173,108069.5,0.0041,buy,740872247
'2025-05-21 19:37:49.174,108069.5,0.0001,buy,740872248
'2025-05-21 19:37:49.174,108069.5,0.03839,buy,740872249
'2025-05-21 19:37:49.174,108077.8,0.03041,buy,740872250
'2025-05-21 19:37:49.177,108077.8,0.00647135,buy,740872251
'2025-05-21 19:37:49.177,108078.1,0.00092865,buy,740872252
'2025-05-21 19:37:49.183,108078.1,0.00039166,buy,740872253
'2025-05-21 19:37:49.183,108078.6,0.00001394,buy,740872254
'2025-05-21 19:37:49.183,108078.7,0.00008712,buy,740872256
'2025-05-21 19:37:49.183,108078.9,0.00040473,buy,740872257
'2025-05-21 19:37:49.183,108079.9,0.00035189,buy,740872260
'2025-05-21 19:37:49.183,108080,0.00195404,buy,740872276
'2025-05-21 19:37:49.183,108080.1,0.00180166,buy,740872277
'2025-05-21 19:37:49.183,108080.5,0.00009616,buy,740872278
'2025-05-21 19:37:49.183,108080.6,0.00005594,buy,740872281
'2025-05-21 19:37:49.185,108077.8,0.0000185,buy,740872282
'2025-05-21 19:37:49.186,108077.8,0.0064,buy,740872283
'2025-05-21 19:37:49.187,108077.8,0.0000185,buy,740872284
'2025-05-21 19:37:49.188,108077.8,0.0001,buy,740872285
'2025-05-21 19:37:49.188,108077.8,0.0022,buy,740872286
'2025-05-21 19:37:49.188,108077.8,0.0004,buy,740872287
'2025-05-21 19:37:49.188,108077.8,0.0019,buy,740872288
'2025-05-21 19:37:49.188,108077.7,0.00059897,sell,740872289
'2025-05-21 19:37:49.189,108078.5,0.0001,buy,740872290
'2025-05-21 19:37:49.189,108078.5,0.0018,buy,740872291
'2025-05-21 19:37:49.189,108078.5,0.0033,buy,740872292
'2025-05-21 19:37:49.189,108078.5,0.0003,buy,740872293
'2025-05-21 19:37:49.189,108078.5,0.0001,buy,740872294
'2025-05-21 19:37:49.189,108078.5,0.00364989,buy,740872295
'2025-05-21 19:37:49.189,108080,0.04329797,buy,740872296
'2025-05-21 19:37:49.189,108080.9,0.00001011,buy,740872297
'2025-05-21 19:37:49.189,108081,0.00010043,buy,740872300
'2025-05-21 19:37:49.189,108081.1,0.00051437,buy,740872303
'2025-05-21 19:37:49.189,108081.4,0.0019,buy,740872304
'2025-05-21 19:37:49.189,108081.5,0.00058293,buy,740872305
'2025-05-21 19:37:49.189,108082.1,0.00047397,buy,740872307
'2025-05-21 19:37:49.189,108082.2,0.00006117,buy,740872309
'2025-05-21 19:37:49.189,108082.6,0.07930916,buy,740872310
'2025-05-21 19:37:49.190,108082.6,0.0001,buy,740872311
'2025-05-21 19:37:49.190,108082.6,0.04059084,buy,740872312
'2025-05-21 19:37:49.190,108082.9,0.00004701,buy,740872314
'2025-05-21 19:37:49.190,108083,0.00005299,buy,740872315
'2025-05-21 19:37:49.190,108083,0.00077701,buy,740872316
'2025-05-21 19:37:49.190,108083.3,0.00122299,buy,740872319
'2025-05-21 19:37:49.190,108082.9,0.00380323,buy,740872320
'2025-05-21 19:37:49.190,108083.3,0.00366846,buy,740872321
'2025-05-21 19:37:49.190,108083.6,0.00002375,buy,740872322
'2025-05-21 19:37:49.190,108083.7,0.00015701,buy,740872326
'2025-05-21 19:37:49.190,108083.8,0.00027816,buy,740872329
'2025-05-21 19:37:49.190,108083.9,0.00249214,buy,740872332
'2025-05-21 19:37:49.190,108084.1,0.0005524,buy,740872333
'2025-05-21 19:37:49.190,108084.6,0.0002676,buy,740872341
'2025-05-21 19:37:49.190,108084.8,0.0000653,buy,740872342
'2025-05-21 19:37:49.190,108085.1,0.00135247,buy,740872344
'2025-05-21 19:37:49.190,108085.2,0.00005215,buy,740872348
'2025-05-21 19:37:49.190,108085.3,0.00618733,buy,740872349
'2025-05-21 19:37:49.190,108085.3,0.00217267,buy,740872350
'2025-05-21 19:37:49.190,108085.4,0.00001832,buy,740872351
'2025-05-21 19:37:49.190,108085.7,0.00001195,buy,740872352
'2025-05-21 19:37:49.190,108085.9,0.00057326,buy,740872360
'2025-05-21 19:37:49.190,108086,0.00005596,buy,740872361
'2025-05-21 19:37:49.190,108086.2,0.0000583,buy,740872362
'2025-05-21 19:37:49.190,108086.4,0.00001,buy,740872363
'2025-05-21 19:37:49.190,108086.6,0.00003123,buy,740872364
'2025-05-21 19:37:49.190,108086.7,0.00066831,buy,740872365
'2025-05-21 19:37:49.191,108086.7,0.0001,buy,740872366
'2025-05-21 19:37:49.191,108080.9,0.0442,sell,740872368
'2025-05-21 19:37:49.191,108080,0.0185,sell,740872369
'2025-05-21 19:37:49.191,108078.5,0.06492,sell,740872370
'2025-05-21 19:37:49.191,108077.7,0.083496,sell,740872372
'2025-05-21 19:37:49.191,108086.7,0.00116818,buy,740872373
'2025-05-21 19:37:49.191,108086.9,0.00010525,buy,740872375
'2025-05-21 19:37:49.191,108087,0.00001017,buy,740872376
'2025-05-21 19:37:49.191,108087.1,0.00001022,buy,740872377
'2025-05-21 19:37:49.191,108087.2,0.00001319,buy,740872378
'2025-05-21 19:37:49.191,108087.3,0.000387,buy,740872380
'2025-05-21 19:37:49.191,108087.5,0.00312405,buy,740872382
'2025-05-21 19:37:49.191,108087.6,0.00001628,buy,740872383
'2025-05-21 19:37:49.191,108087.9,0.00001391,buy,740872384
'2025-05-21 19:37:49.191,108088.2,0.00037219,buy,740872386
'2025-05-21 19:37:49.191,108088.3,0.00001005,buy,740872387
'2025-05-21 19:37:49.191,108088.6,0.00266951,buy,740872388
'2025-05-21 19:37:49.194,108076.8,0.00880503,sell,740872389
'2025-05-21 19:37:49.195,108086,0.0185,buy,740872390
'2025-05-21 19:37:49.195,108088.6,0.01158049,buy,740872392
'2025-05-21 19:37:49.195,108088.7,0.00004948,buy,740872393
'2025-05-21 19:37:49.195,108088.9,0.00005335,buy,740872394
'2025-05-21 19:37:49.195,108089,0.00017433,buy,740872398
'2025-05-21 19:37:49.195,108089.1,0.0000225,buy,740872399
'2025-05-21 19:37:49.195,108089.3,0.03881985,buy,740872400
'2025-05-21 19:37:49.195,108089.3,0.0026,buy,740872401
'2025-05-21 19:37:49.198,108088,0.00010361,buy,740872402
'2025-05-21 19:37:49.198,108088,0.00010269,buy,740872403
'2025-05-21 19:37:49.199,108088,0.0004,buy,740872404
'2025-05-21 19:37:49.199,108088,0.0093,buy,740872405
'2025-05-21 19:37:49.199,108088,0.0001,buy,740872406
'2025-05-21 19:37:49.199,108088,0.00010546,buy,740872407
'2025-05-21 19:37:49.201,108081,0.0001027,buy,740872408
'2025-05-21 19:37:49.201,108081,0.00010547,buy,740872409
'2025-05-21 19:37:49.202,108081,0.00010547,buy,740872410
'2025-05-21 19:37:49.202,108081,0.0016,buy,740872411
'2025-05-21 19:37:49.203,108081,0.0006,buy,740872412
'2025-05-21 19:37:49.203,108080.9,0.00064811,sell,740872413
'2025-05-21 19:37:49.210,108080.9,0.26466781,sell,740872416
'2025-05-21 19:37:49.217,108080,0.0012,sell,740872417
'2025-05-21 19:37:49.222,108080,0.00002,sell,740872418
'2025-05-21 19:37:49.226,108077.8,0.00004626,buy,740872419
'2025-05-21 19:37:49.226,108077.8,0.00005551,buy,740872420
'2025-05-21 19:37:49.233,108077.8,0.0462,buy,740872421
'2025-05-21 19:37:49.235,108077.7,0.00004631,sell,740872423
'2025-05-21 19:37:49.235,108077.7,0.00004631,sell,740872424
'2025-05-21 19:37:49.238,108077.8,0.00018505,buy,740872425
'2025-05-21 19:37:49.262,108077.7,0.01,sell,740872426
'2025-05-21 19:37:49.265,108077.7,0.24663822,sell,740872431
'2025-05-21 19:37:49.266,108077.7,0.00108988,sell,740872432
'2025-05-21 19:37:49.266,108076.8,0.0203808,sell,740872433
'2025-05-21 19:37:49.270,108076.8,0.00670109,sell,740872434
'2025-05-21 19:37:49.270,108076.8,0.00458652,sell,740872435
'2025-05-21 19:37:49.270,108076.5,0.00924998,sell,740872436
'2025-05-21 19:37:49.274,108073,0.0435307,sell,740872437
'2025-05-21 19:37:49.275,108072.5,0.00575271,sell,740872438
'2025-05-21 19:37:49.275,108071.7,0.01226393,sell,740872439
'2025-05-21 19:37:49.275,108071.7,0.00405885,sell,740872440
'2025-05-21 19:37:49.275,108071.7,0.10367722,sell,740872442
'2025-05-21 19:37:49.275,108070,0.00081242,sell,740872445
'2025-05-21 19:37:49.275,108067.2,0.0462,sell,740872446
'2025-05-21 19:37:49.275,108064.6,0.00331539,sell,740872447
'2025-05-21 19:37:49.275,108064.6,0.04481219,sell,740872448
'2025-05-21 19:37:49.275,108063.8,0.00060232,sell,740872449
'2025-05-21 19:37:49.276,108063.8,0.00864883,sell,740872450
'2025-05-21 19:37:49.276,108063.6,0.00479905,sell,740872451
'2025-05-21 19:37:49.276,108063.6,0.00629793,sell,740872452
'2025-05-21 19:37:49.279,108069.1,0.00232644,sell,740872453
'2025-05-21 19:37:49.279,108063.8,0.00925115,sell,740872454
'2025-05-21 19:37:49.279,108062.9,0.00760772,sell,740872455
'2025-05-21 19:37:49.279,108062.8,0.00071469,sell,740872457
'2025-05-21 19:37:49.280,108062.8,0.00272,sell,740872458
'2025-05-21 19:37:49.281,108062.8,0.01361544,sell,740872460
'2025-05-21 19:37:49.292,108061,0.05684928,sell,740872461
'2025-05-21 19:37:49.296,108060,0.00081242,sell,740872464
'2025-05-21 19:37:49.303,108060,0.00046,buy,740872465
'2025-05-21 19:37:49.304,108060,0.10241252,buy,740872475
'2025-05-21 19:37:49.304,108060.1,0.01758748,buy,740872476
'2025-05-21 19:37:49.307,108056.4,0.00001501,sell,740872477
'2025-05-21 19:37:49.322,108056,0.42189442,buy,740872496
'2025-05-21 19:37:49.345,108060.9,0.00898043,sell,740872497
'2025-05-21 19:37:49.407,108070,0.00079242,buy,740872499
'2025-05-21 19:37:49.417,108075.8,0.00447108,sell,740872500
'2025-05-21 19:37:49.417,108075.8,0.00926562,sell,740872501
'2025-05-21 19:37:49.418,108075.8,0.00890578,sell,740872502
'2025-05-21 19:37:49.422,108075.8,0.00205051,sell,740872503
'2025-05-21 19:37:49.442,108068.1,0.0037,buy,740872505
'2025-05-21 19:37:49.442,108068.1,0.0057,buy,740872506
'2025-05-21 19:37:49.513,108068,0.02370977,sell,740872507
'2025-05-21 19:37:49.549,108063.4,0.02298,buy,740872508
'2025-05-21 19:37:49.554,108063.3,0.002306,sell,740872509
'2025-05-21 19:37:49.557,108063.3,0.00000746,sell,740872510
'2025-05-21 19:37:49.562,108061,0.01616526,sell,740872512
'2025-05-21 19:37:49.562,108060,0.00079242,sell,740872514
'2025-05-21 19:37:49.562,108059.8,0.0005,sell,740872515
'2025-05-21 19:37:49.562,108052.8,0.00096,sell,740872516
'2025-05-21 19:37:49.562,108050.8,0.00068232,sell,740872517
'2025-05-21 19:37:49.571,108050.9,0.00924622,buy,740872518
'2025-05-21 19:37:49.635,108050.9,0.00704695,buy,740872519
'2025-05-21 19:37:49.640,108050.9,0.0109,buy,740872520
'2025-05-21 19:37:49.641,108050.9,0.0034,buy,740872521
'2025-05-21 19:37:49.649,108050.9,0.00523651,buy,740872522
'2025-05-21 19:37:49.653,108050.9,0.00507,buy,740872523
'2025-05-21 19:37:49.656,108050.9,0.00921,buy,740872524
'2025-05-21 19:37:49.961,108050.8,0.0201623,sell,740872525
'2025-05-21 19:37:50.391,108050.9,0.00333814,buy,740872526
'2025-05-21 19:37:50.695,108050.9,0.0039815,buy,740872527
'2025-05-21 19:37:51.062,108050.8,0.73273499,sell,740872537
'2025-05-21 19:37:51.077,108050.9,0.00212862,buy,740872538
'2025-05-21 19:37:51.354,108050.8,0.01000001,sell,740872541
'2025-05-21 19:37:51.561,108050.8,0.003,sell,740872542
'2025-05-21 19:37:52.048,108050.9,0.00682448,buy,740872543
'2025-05-21 19:37:52.048,108050.9,0.01541601,buy,740872549
'2025-05-21 19:37:52.052,108052.9,0.0000125,buy,740872550
'2025-05-21 19:37:52.054,108053.7,0.0005,buy,740872551
'2025-05-21 19:37:52.054,108054,0.0000125,buy,740872552
'2025-05-21 19:37:52.054,108059,0.00088,buy,740872553
'2025-05-21 19:37:52.054,108059.4,0.0000125,buy,740872554
'2025-05-21 19:37:52.054,108060,0.00001,buy,740872555
'2025-05-21 19:37:52.073,108068,0.00048114,sell,740872557
'2025-05-21 19:37:52.077,108068,0.02927306,sell,740872558
'2025-05-21 19:37:52.087,108064.2,0.0490519,sell,740872559
'2025-05-21 19:37:52.089,108061,0.03949379,sell,740872560
'2025-05-21 19:37:52.090,108060.1,0.00308677,sell,740872561
'2025-05-21 19:37:52.090,108060,0.00002,sell,740872562
'2025-05-21 19:37:52.093,108056.4,0.000015,sell,740872563
'2025-05-21 19:37:52.099,108056,0.1733279,sell,740872566
'2025-05-21 19:37:52.116,108054.1,0.2410866,buy,740872570
'2025-05-21 19:37:52.198,108054,0.010416,sell,740872571
'2025-05-21 19:37:52.236,108054,0.007818,sell,740872572
'2025-05-21 19:37:52.581,108054.1,0.01,buy,740872573
'2025-05-21 19:37:52.776,108054,0.18577263,sell,740872576
'2025-05-21 19:37:52.814,108051,0.08957388,buy,740872580
'2025-05-21 19:37:52.814,108051,0.32247202,buy,740872588
'2025-05-21 19:37:52.814,108052,0.0185,buy,740872589
'2025-05-21 19:37:52.827,108054.1,0.0005375,buy,740872593
'2025-05-21 19:37:52.827,108056.1,0.00024755,buy,740872594
'2025-05-21 19:37:52.856,108057.9,0.08864,sell,740872595
'2025-05-21 19:37:52.859,108057.9,0.02957697,sell,740872596
'2025-05-21 19:37:53.354,108054.1,0.01690572,sell,740872597
'2025-05-21 19:37:53.357,108054.2,0.0000125,buy,740872598
'2025-05-21 19:37:54.977,108058,0.00014715,buy,740872602
'2025-05-21 19:37:55.027,108057.9,0.14013853,sell,740872606
'2025-05-21 19:37:55.072,108054.1,0.00042035,sell,740872608
'2025-05-21 19:37:55.137,108052.3,0.00016823,sell,740872609
'2025-05-21 19:37:55.272,108050.9,0.00047481,sell,740872610
'2025-05-21 19:37:55.634,108051,0.00467627,buy,740872612
'2025-05-21 19:37:55.707,108054.1,0.01623269,sell,740872613
'2025-05-21 19:37:56.294,108054.2,0.04776228,buy,740872619
'2025-05-21 19:37:56.515,108057.9,0.14233437,buy,740872624
'2025-05-21 19:37:56.527,108059.4,0.0000125,buy,740872625
'2025-05-21 19:37:56.527,108060,0.00001,buy,740872626
'2025-05-21 19:37:56.542,108062.4,0.00048114,sell,740872628
'2025-05-21 19:37:56.657,108062.4,0.00004627,sell,740872629
'2025-05-21 19:37:56.667,108060,0.00002,sell,740872630
'2025-05-21 19:37:56.667,108059.9,0.00018,sell,740872631
'2025-05-21 19:37:57.375,108058,0.07568627,sell,740872635
'2025-05-21 19:37:57.387,108057.2,0.0005,sell,740872636
'2025-05-21 19:37:57.727,108052.4,0.00054627,buy,740872638
'2025-05-21 19:37:57.797,108054.7,0.0005,buy,740872639
'2025-05-21 19:37:57.881,108058.1,0.00157735,buy,740872640
'2025-05-21 19:37:57.971,108058.1,0.04193065,buy,740872644
'2025-05-21 19:37:57.971,108059.2,0.00668386,buy,740872645
'2025-05-21 19:37:57.971,108060,0.00001,buy,740872646
'2025-05-21 19:37:57.972,108062.5,0.0009,buy,740872647
'2025-05-21 19:37:57.972,108062.5,0.0115189,buy,740872649
'2025-05-21 19:37:57.977,108070,0.00080242,buy,740872652
'2025-05-21 19:37:57.984,108075.9,0.00048114,sell,740872653
'2025-05-21 19:37:58.157,108075.9,0.00018,sell,740872654
'2025-05-21 19:37:58.599,108070,0.00393069,sell,740872657
'2025-05-21 19:37:58.607,108066.2,0.0005,sell,740872658
'2025-05-21 19:37:58.685,108062.6,0.00093,buy,740872659
'2025-05-21 19:37:59.237,108062.5,0.00603634,sell,740872662
'2025-05-21 19:37:59.537,108060,0.022945,sell,740872667
'2025-05-21 19:37:59.627,108052.5,0.0005,sell,740872668
'2025-05-21 19:37:59.680,108051.7,0.00001136,sell,740872669
'2025-05-21 19:37:59.944,108051.7,0.0278,sell,740872670
'2025-05-21 19:37:59.944,108050.9,0.00339079,sell,740872672
'2025-05-21 19:37:59.944,108050,0.01931242,sell,740872676
'2025-05-21 19:37:59.944,108048.6,0.0223132,sell,740872677
'2025-05-21 19:37:59.944,108048,0.0185,sell,740872678
'2025-05-21 19:37:59.944,108047.8,0.00740296,sell,740872679
'2025-05-21 19:37:59.944,108047.7,0.00021341,sell,740872680
'2025-05-21 19:37:59.944,108046.6,0.0038888,sell,740872681
'2025-05-21 19:37:59.944,108046,0.00878842,sell,740872682
'2025-05-21 19:38:00.117,108044.1,0.00004626,buy,740872683
'2025-05-21 19:38:00.612,108049.9,0.02261921,sell,740872687
'2025-05-21 19:38:00.612,108049.4,0.00591411,sell,740872688
'2025-05-21 19:38:00.612,108046.9,0.0039429,sell,740872689
'2025-05-21 19:38:00.612,108045.7,0.0775931,sell,740872691
'2025-05-21 19:38:00.612,108045.5,0.00231384,sell,740872692
'2025-05-21 19:38:00.612,108044,0.03489684,sell,740872694
'2025-05-21 19:38:00.647,108044,0.00024755,sell,740872695
'2025-05-21 19:38:00.657,108041.6,0.0005,sell,740872696
'2025-05-21 19:38:01.352,108040.1,0.07533952,buy,740872702
'2025-05-21 19:38:01.357,108040.9,0.0005,buy,740872703
'2025-05-21 19:38:01.367,108048.2,0.00088001,buy,740872704
'2025-05-21 19:38:01.367,108048.2,0.00088001,buy,740872705
'2025-05-21 19:38:01.370,108048.2,0.00088001,buy,740872706
'2025-05-21 19:38:01.371,108048.2,0.00088001,buy,740872707
'2025-05-21 19:38:01.374,108048.2,0.00088001,buy,740872708
'2025-05-21 19:38:01.374,108048.2,0.00088001,buy,740872709
'2025-05-21 19:38:02.702,108048.2,0.0083285,buy,740872715
'2025-05-21 19:38:02.820,108048.2,0.00013463,buy,740872716
'2025-05-21 19:38:02.993,108048.2,0.00011106,buy,740872717
'2025-05-21 19:38:03.346,108048.1,0.01432911,sell,740872721
'2025-05-21 19:38:03.407,108048.1,0.00068,sell,740872723
'2025-05-21 19:38:03.587,108047.1,0.00007143,sell,740872725
'2025-05-21 19:38:03.717,108044.3,0.00026314,sell,740872726
'2025-05-21 19:38:03.727,108040,0.00084418,sell,740872730
'2025-05-21 19:38:03.737,108039.3,0.00316532,sell,740872731
'2025-05-21 19:38:03.880,108036,0.00046,sell,740872732
'2025-05-21 19:38:03.880,108036,0.00046,sell,740872733
'2025-05-21 19:38:03.880,108036,0.39926,sell,740872735
'2025-05-21 19:38:03.880,108034,0.01,sell,740872736
'2025-05-21 19:38:03.880,108033,0.01,sell,740872737
'2025-05-21 19:38:03.880,108032.8,0.02859552,sell,740872738
'2025-05-21 19:38:03.880,108032.4,0.00439421,sell,740872739
'2025-05-21 19:38:03.880,108030.4,0.00046,sell,740872740
'2025-05-21 19:38:03.880,108030.4,0.00046,sell,740872741
'2025-05-21 19:38:03.880,108030.4,0.00648541,sell,740872742
'2025-05-21 19:38:03.880,108030,0.00081242,sell,740872745
'2025-05-21 19:38:03.880,108028.8,0.01093583,sell,740872746
'2025-05-21 19:38:03.880,108028.7,0.03252687,sell,740872747
'2025-05-21 19:38:03.880,108027.9,0.00096,sell,740872748
'2025-05-21 19:38:03.880,108027.7,0.00316583,sell,740872749
'2025-05-21 19:38:03.880,108026.4,0.00740446,sell,740872750
'2025-05-21 19:38:03.881,108022.5,0.00046,sell,740872751
'2025-05-21 19:38:03.881,108022.5,0.00142,sell,740872752
'2025-05-21 19:38:03.881,108021.4,0.006,sell,740872753
'2025-05-21 19:38:03.881,108020.9,0.04759766,sell,740872754
'2025-05-21 19:38:03.881,108020,0.00091567,sell,740872758
'2025-05-21 19:38:03.881,108018.9,0.00462562,sell,740872759
'2025-05-21 19:38:03.881,108018.8,0.00153982,sell,740872760
'2025-05-21 19:38:03.881,108018.7,0.07704068,sell,740872761
'2025-05-21 19:38:03.881,108018.5,0.2475,sell,740872762
'2025-05-21 19:38:03.881,108017.1,0.00188,sell,740872763
'2025-05-21 19:38:03.881,108016.8,0.11568027,sell,740872764
'2025-05-21 19:38:03.881,108016.4,0.00925521,sell,740872765
'2025-05-21 19:38:03.881,108015.4,0.13704659,sell,740872766
'2025-05-21 19:38:03.881,108014.4,0.00419311,sell,740872767
'2025-05-21 19:38:03.881,108014.2,0.07865989,sell,740872768
'2025-05-21 19:38:03.881,108014.1,0.00883134,sell,740872769
'2025-05-21 19:38:03.881,108014,0.0002,sell,740872770
'2025-05-21 19:38:03.881,108013.3,0.051,sell,740872771
'2025-05-21 19:38:03.881,108013,0.002,sell,740872773
'2025-05-21 19:38:03.881,108012,0.00099903,sell,740872774
'2025-05-21 19:38:03.881,108010,0.00080242,sell,740872777
'2025-05-21 19:38:03.881,108009.1,0.033,sell,740872778
'2025-05-21 19:38:03.881,108008.9,0.00319855,sell,740872779
'2025-05-21 19:38:03.888,108014,0.00072,sell,740872780
'2025-05-21 19:38:03.896,108014,0.00025,sell,740872781
'2025-05-21 19:38:03.927,108014,0.12931608,sell,740872785
'2025-05-21 19:38:03.927,108014,0.21939512,sell,740872786
'2025-05-21 19:38:04.055,108013.2,0.00111092,sell,740872788
'2025-05-21 19:38:04.055,108013.2,0.00111092,sell,740872789
'2025-05-21 19:38:04.112,108013.2,0.00043375,sell,740872790
'2025-05-21 19:38:04.119,108013.2,0.01396558,sell,740872791
'2025-05-21 19:38:04.177,108010,0.00001,sell,740872792
'2025-05-21 19:38:04.177,108008.5,0.00001044,sell,740872793
'2025-05-21 19:38:04.190,108007.8,0.03253316,sell,740872794
'2025-05-21 19:38:04.237,108007.4,0.00737927,sell,740872796
'2025-05-21 19:38:04.409,108002.1,0.0741,buy,740872800
'2025-05-21 19:38:04.417,108002.1,0.00004265,buy,740872801
'2025-05-21 19:38:04.417,108005,0.00000001,buy,740872802
'2025-05-21 19:38:04.417,108005,0.00004266,buy,740872803
'2025-05-21 19:38:04.421,108005,0.00045733,buy,740872804
'2025-05-21 19:38:04.931,108007.3,0.01363197,sell,740872805
'2025-05-21 19:38:05.117,108007.3,0.00105219,sell,740872808
'2025-05-21 19:38:05.267,108005,0.00012121,sell,740872809
'2025-05-21 19:38:05.287,108002,0.00344834,sell,740872811
'2025-05-21 19:38:05.582,108001.3,0.00093349,sell,740872812
'2025-05-21 19:38:05.887,108001.4,0.00054629,buy,740872814
'2025-05-21 19:38:05.945,108007.3,0.001,sell,740872815
'2025-05-21 19:38:06.150,108007.4,0.00037908,buy,740872816
'2025-05-21 19:38:06.158,108007.3,0.01054629,sell,740872819
'2025-05-21 19:38:06.208,108005.8,0.00299469,sell,740872822
'2025-05-21 19:38:06.217,108001.3,0.00024728,sell,740872823
'2025-05-21 19:38:06.217,108000.1,0.00001,sell,740872824
'2025-05-21 19:38:06.217,108000,0.0008731,sell,740872829
'2025-05-21 19:38:06.217,107999.9,0.00015835,sell,740872830
'2025-05-21 19:38:06.227,107997.7,0.00004629,sell,740872831
'2025-05-21 19:38:06.687,107995.8,0.00334705,sell,740872833
'2025-05-21 19:38:06.825,107994,0.00013468,buy,740872834
'2025-05-21 19:38:06.897,107990,0.00080242,sell,740872837
'2025-05-21 19:38:07.007,107985.6,0.00316451,sell,740872838
'2025-05-21 19:38:07.007,107985,0.00010325,sell,740872839
'2025-05-21 19:38:07.097,107980,0.00081242,sell,740872842
'2025-05-21 19:38:07.127,107975,0.00009817,sell,740872843
'2025-05-21 19:38:07.257,107974.1,0.0002,buy,740872845
'2025-05-21 19:38:07.288,107974,0.02982727,sell,740872847
'2025-05-21 19:38:07.610,107972.5,0.01852057,buy,740872848
'2025-05-21 19:38:07.767,107972.5,0.05622387,buy,740872850
'2025-05-21 19:38:07.777,107972.5,0.0000463,buy,740872851
'2025-05-21 19:38:07.800,107974,0.00628732,buy,740872852
'2025-05-21 19:38:07.800,107974.1,0.00024502,buy,740872853
'2025-05-21 19:38:07.803,107980,0.00001,buy,740872854
'2025-05-21 19:38:08.032,107981.9,0.00024889,sell,740872855
'2025-05-21 19:38:08.277,107981.9,0.0007263,sell,740872858
'2025-05-21 19:38:08.297,107980,0.00001,sell,740872859
'2025-05-21 19:38:08.497,107976,0.00018,sell,740872860
'2025-05-21 19:38:08.737,107974.1,0.0005463,buy,740872862
'2025-05-21 19:38:08.805,107978,0.00046,buy,740872863
'2025-05-21 19:38:08.805,107978,0.17341,buy,740872867
'2025-05-21 19:38:08.806,107978,0.07169007,buy,740872871
'2025-05-21 19:38:08.806,107980,0.01851,buy,740872873
'2025-05-21 19:38:08.806,107982,0.01867095,buy,740872875
'2025-05-21 19:38:08.806,107983.6,0.00088,buy,740872876
'2025-05-21 19:38:08.806,107984,0.0185,buy,740872877
'2025-05-21 19:38:08.806,107985.6,0.00316808,buy,740872878
'2025-05-21 19:38:08.806,107986,0.0185,buy,740872879
'2025-05-21 19:38:08.806,107987.4,0.01167595,buy,740872880
'2025-05-21 19:38:08.806,107989,0.00182,buy,740872881
'2025-05-21 19:38:08.806,107990,0.01930242,buy,740872885
'2025-05-21 19:38:08.806,107992.5,0.00010999,buy,740872886
'2025-05-21 19:38:08.806,107992.6,0.46271468,buy,740872887
'2025-05-21 19:38:08.806,107992.7,0.18787625,buy,740872888
'2025-05-21 19:38:08.806,107992.8,0.04229161,buy,740872889
'2025-05-21 19:38:08.807,107992.8,0.00046,buy,740872890
'2025-05-21 19:38:08.808,107992.8,0.20474839,buy,740872891
'2025-05-21 19:38:08.808,107993.6,0.07048014,buy,740872892
'2025-05-21 19:38:08.808,107993.8,0.03112219,buy,740872893
'2025-05-21 19:38:08.808,107994,0.0185,buy,740872894
'2025-05-21 19:38:08.808,107994.4,0.00182,buy,740872895
'2025-05-21 19:38:08.808,107996.4,0.00005,buy,740872896
'2025-05-21 19:38:08.808,107999.3,0.01114216,buy,740872897
'2025-05-21 19:38:08.808,107999.8,0.00002,buy,740872898
'2025-05-21 19:38:08.808,107999.9,0.00462802,buy,740872899
'2025-05-21 19:38:08.808,108000,0.00080242,buy,740872902
'2025-05-21 19:38:08.808,108001,0.05047088,buy,740872903
'2025-05-21 19:38:08.808,108001.4,0.0192,buy,740872904
'2025-05-21 19:38:08.808,108003.3,0.0037,buy,740872905
'2025-05-21 19:38:08.808,108004.1,0.0989558,buy,740872906
'2025-05-21 19:38:08.810,108005.4,0.00046,buy,740872907
'2025-05-21 19:38:08.810,108005.4,0.02732444,buy,740872908
'2025-05-21 19:38:08.810,108005.9,0.00926114,buy,740872909
'2025-05-21 19:38:08.810,108006.1,0.02315201,buy,740872910
'2025-05-21 19:38:08.810,108007.5,0.00002,buy,740872911
'2025-05-21 19:38:08.810,108008.4,0.13859234,buy,740872912
'2025-05-21 19:38:08.810,108009.1,0.03,buy,740872913
'2025-05-21 19:38:08.810,108009.4,0.03,buy,740872914
'2025-05-21 19:38:08.810,108010,0.00080242,buy,740872917
'2025-05-21 19:38:08.810,108011.3,0.00926114,buy,740872918
'2025-05-21 19:38:08.810,108011.8,0.04,buy,740872919
'2025-05-21 19:38:08.810,108014.3,0.07376075,buy,740872920
'2025-05-21 19:38:08.810,108014.9,0.03,buy,740872921
'2025-05-21 19:38:08.810,108015.1,0.07643892,buy,740872923
'2025-05-21 19:38:08.810,108016.2,0.03,buy,740872924
'2025-05-21 19:38:08.810,108016.4,0.00463057,buy,740872925
'2025-05-21 19:38:08.810,108017.2,0.00740877,buy,740872926
'2025-05-21 19:38:08.810,108017.3,0.00463057,buy,740872927
'2025-05-21 19:38:08.810,108018.3,0.03,buy,740872928
'2025-05-21 19:38:08.810,108020,0.00090567,buy,740872932
'2025-05-21 19:38:08.810,108020.7,0.13704659,buy,740872933
'2025-05-21 19:38:08.810,108020.8,0.05674162,buy,740872934
'2025-05-21 19:38:08.810,108020.9,0.0277829,buy,740872935
'2025-05-21 19:38:08.810,108021,0.03,buy,740872936
'2025-05-21 19:38:08.810,108022.2,0.00001,buy,740872937
'2025-05-21 19:38:08.810,108022.5,0.13704659,buy,740872938
'2025-05-21 19:38:08.810,108024.8,0.13704659,buy,740872939
'2025-05-21 19:38:08.810,108025.8,0.00001,buy,740872940
'2025-05-21 19:38:08.810,108026.6,0.03,buy,740872941
'2025-05-21 19:38:08.810,108026.8,0.02052,buy,740872942
'2025-05-21 19:38:08.810,108028,0.00740731,buy,740872943
'2025-05-21 19:38:08.810,108029.2,0.18078315,buy,740872944
'2025-05-21 19:38:08.811,108029.2,0.04,buy,740872945
'2025-05-21 19:38:08.812,108029.2,0.02671685,buy,740872946
'2025-05-21 19:38:08.812,108029.4,0.00001,buy,740872947
'2025-05-21 19:38:08.812,108030,0.00080242,buy,740872950
'2025-05-21 19:38:08.812,108030.2,0.00002,buy,740872951
'2025-05-21 19:38:08.812,108032.9,0.00001,buy,740872952
'2025-05-21 19:38:08.812,108033.3,0.0046304,buy,740872953
'2025-05-21 19:38:08.812,108034.4,0.00419311,buy,740872954
'2025-05-21 19:38:08.812,108034.5,0.00300116,buy,740872955
'2025-05-21 19:38:08.812,108035.7,0.00061606,buy,740872956
'2025-05-21 19:38:08.813,108021,0.04643639,buy,740872957
'2025-05-21 19:38:08.813,108026.3,0.00463057,buy,740872958
'2025-05-21 19:38:08.814,108035.7,0.01070028,buy,740872959
'2025-05-21 19:38:08.814,108036.5,0.04630575,buy,740872960
'2025-05-21 19:38:08.814,108036.7,0.00225929,buy,740872961
'2025-05-21 19:38:08.814,108036.9,0.00463014,buy,740872962
'2025-05-21 19:38:08.814,108037.8,0.00463057,buy,740872963
'2025-05-21 19:38:08.814,108040,0.00084418,buy,740872968
'2025-05-21 19:38:08.814,108040.1,0.00001,buy,740872969
'2025-05-21 19:38:08.814,108040.6,0.09061979,buy,740872970
'2025-05-21 19:38:08.815,108040.6,0.08,buy,740872971
'2025-05-21 19:38:08.815,108040.6,0.04,buy,740872972
'2025-05-21 19:38:08.815,108028.1,0.00463057,buy,740872973
'2025-05-21 19:38:08.815,108040.6,0.02924021,buy,740872974
'2025-05-21 19:38:08.815,108041.2,0.01396946,buy,740872975
'2025-05-21 19:38:08.817,108034.9,0.01223954,buy,740872976
'2025-05-21 19:38:08.817,108034.9,0.06731557,buy,740872977
'2025-05-21 19:38:08.817,108034.9,0.0004,buy,740872978
'2025-05-21 19:38:08.818,108034.9,0.00083489,buy,740872979
'2025-05-21 19:38:08.818,108041.2,0.02450226,buy,740872980
'2025-05-21 19:38:08.818,108043.5,0.00188789,buy,740872981
'2025-05-21 19:38:08.818,108043.5,0.01259199,buy,740872982
'2025-05-21 19:38:08.818,108043.6,0.00001,buy,740872983
'2025-05-21 19:38:08.818,108050,0.00089059,buy,740872986
'2025-05-21 19:38:08.819,108054.9,0.00092545,buy,740872987
'2025-05-21 19:38:08.819,108055,0.00010325,buy,740872988
'2025-05-21 19:38:08.819,108060,0.00080242,buy,740872991
'2025-05-21 19:38:08.819,108060.9,0.00585478,buy,740872992
'2025-05-21 19:38:08.821,108061,0.002,buy,740872994
'2025-05-21 19:38:08.821,108061.9,0.00046304,buy,740872995
'2025-05-21 19:38:08.821,108062,0.001,buy,740872996
'2025-05-21 19:38:08.821,108063.4,0.00393696,buy,740872997
'2025-05-21 19:38:08.822,108063.4,0.0074,buy,740872998
'2025-05-21 19:38:08.823,108052.3,0.00046,buy,740872999
'2025-05-21 19:38:08.824,108052.3,0.08904,buy,740873001
'2025-05-21 19:38:08.824,108063.4,0.01566304,buy,740873002
'2025-05-21 19:38:08.825,108065,0.0074,buy,740873004
'2025-05-21 19:38:08.825,108065,0.00648648,buy,740873005
'2025-05-21 19:38:08.825,108066.6,0.00015835,buy,740873006
'2025-05-21 19:38:08.825,108068.6,0.00001,buy,740873007
'2025-05-21 19:38:08.825,108069.1,0.00074517,buy,740873008
'2025-05-21 19:38:08.826,108069.1,0.00344794,buy,740873009
'2025-05-21 19:38:08.826,108070,0.00079242,buy,740873011
'2025-05-21 19:38:08.826,108072.2,0.00001,buy,740873012
'2025-05-21 19:38:08.826,108075,0.00314964,buy,740873013
'2025-05-21 19:38:08.827,108069.7,0.00192265,buy,740873014
'2025-05-21 19:38:08.827,108075,0.00547735,buy,740873015
'2025-05-21 19:38:08.828,108075,0.0074,buy,740873016
'2025-05-21 19:38:08.829,108065,0.0074,buy,740873017
'2025-05-21 19:38:08.832,108065.9,0.00370432,buy,740873018
'2025-05-21 19:38:08.832,108069.1,0.00369568,buy,740873019
'2025-05-21 19:38:08.832,108069.1,0.0074,buy,740873020
'2025-05-21 19:38:08.832,108069.1,0.001,buy,740873021
'2025-05-21 19:38:08.835,108069,0.00010184,sell,740873022
'2025-05-21 19:38:08.835,108069,0.00018513,sell,740873023
'2025-05-21 19:38:08.836,108069.1,0.0074,buy,740873024
'2025-05-21 19:38:08.837,108069.1,0.0074,buy,740873025
'2025-05-21 19:38:08.837,108069,0.22805833,sell,740873040
'2025-05-21 19:38:08.837,108064.9,0.097686,sell,740873043
'2025-05-21 19:38:08.837,108060,0.00051242,sell,740873044
'2025-05-21 19:38:08.837,108059.9,0.05139608,sell,740873046
'2025-05-21 19:38:08.837,108058.5,0.0617,sell,740873047
'2025-05-21 19:38:08.837,108056.9,0.02336117,sell,740873048
'2025-05-21 19:38:08.838,108069,0.01,sell,740873049
'2025-05-21 19:38:08.838,108069,0.01,sell,740873050
'2025-05-21 19:38:08.842,108069,0.00046,sell,740873051
'2025-05-21 19:38:08.843,108069.1,0.03958146,buy,740873053
'2025-05-21 19:38:08.845,108069,0.0164,sell,740873054
'2025-05-21 19:38:08.847,108069,0.03887709,sell,740873055
'2025-05-21 19:38:08.847,108069,0.002152,sell,740873056
'2025-05-21 19:38:08.848,108069.1,0.13814,buy,740873060
'2025-05-21 19:38:08.849,108069.1,0.12840167,buy,740873062
'2025-05-21 19:38:08.849,108069.7,0.00205833,buy,740873063
'2025-05-21 19:38:08.849,108069,0.01,sell,740873064
'2025-05-21 19:38:08.851,108069,0.01,sell,740873065
'2025-05-21 19:38:08.854,108069,0.00144976,sell,740873066
'2025-05-21 19:38:08.858,108069,0.1015,sell,740873074
'2025-05-21 19:38:08.859,108069,0.0066,sell,740873075
'2025-05-21 19:38:08.860,108069,0.0066,sell,740873076
'2025-05-21 19:38:08.860,108069,0.0066,sell,740873077
'2025-05-21 19:38:08.865,108069.1,0.1067795,buy,740873078
'2025-05-21 19:38:08.867,108069.1,0.00585449,buy,740873079
'2025-05-21 19:38:08.868,108069.1,0.01736601,buy,740873080
'2025-05-21 19:38:08.868,108069.7,0.00130769,buy,740873081
'2025-05-21 19:38:08.873,108069.6,0.13356,sell,740873082
'2025-05-21 19:38:08.873,108069.1,0.22590889,sell,740873084
'2025-05-21 19:38:08.873,108069,0.24525176,sell,740873086
'2025-05-21 19:38:08.882,108069.7,0.00057097,buy,740873087
'2025-05-21 19:38:08.882,108070,0.00052242,buy,740873089
'2025-05-21 19:38:08.885,108076,0.01,buy,740873090
'2025-05-21 19:38:08.905,108077.4,0.0164,buy,740873091
'2025-05-21 19:38:08.905,108077.9,0.0067,buy,740873092
'2025-05-21 19:38:08.910,108075.1,0.00001819,sell,740873093
'2025-05-21 19:38:08.917,108075.2,0.00082491,sell,740873094
'2025-05-21 19:38:08.917,108075.1,0.0005,sell,740873095
'2025-05-21 19:38:08.922,108074.9,0.00001819,sell,740873096
'2025-05-21 19:38:08.941,108070.7,0.00496036,sell,740873097
'2025-05-21 19:38:08.941,108070.8,0.13320145,buy,740873100
'2025-05-21 19:38:08.941,108070.7,0.03893578,sell,740873101
'2025-05-21 19:38:08.949,108070.7,0.00142488,sell,740873103
'2025-05-21 19:38:08.949,108070.7,0.00142488,sell,740873104
'2025-05-21 19:38:08.961,108070.7,0.10295024,sell,740873106
'2025-05-21 19:38:08.972,108070.8,0.11473266,buy,740873108
'2025-05-21 19:38:08.983,108074.9,0.07084,sell,740873109
'2025-05-21 19:38:08.983,108070.8,0.00677633,sell,740873110
'2025-05-21 19:38:08.983,108070.7,0.0024841,sell,740873111
'2025-05-21 19:38:08.983,108069.8,0.00092487,sell,740873112
'2025-05-21 19:38:08.983,108069.6,0.01100444,sell,740873113
'2025-05-21 19:38:08.983,108068.1,0.03297542,sell,740873114
'2025-05-21 19:38:08.983,108066.1,0.01866567,sell,740873115
'2025-05-21 19:38:08.984,108060,0.00079242,sell,740873117
'2025-05-21 19:38:08.984,108059.2,0.1353561,sell,740873118
'2025-05-21 19:38:08.990,108057.4,0.00023831,sell,740873119
'2025-05-21 19:38:09.009,108058.2,0.06132854,buy,740873120
'2025-05-21 19:38:09.018,108058.2,0.00838359,buy,740873121
'2025-05-21 19:38:09.051,108058.2,0.0005,buy,740873122
'2025-05-21 19:38:09.087,108068.7,0.0005,sell,740873123
'2025-05-21 19:38:09.104,108068.8,0.00468,buy,740873125
'2025-05-21 19:38:09.104,108069,0.02,buy,740873127
'2025-05-21 19:38:09.104,108070,0.00079242,buy,740873129
'2025-05-21 19:38:09.107,108069,0.00231912,buy,740873130
'2025-05-21 19:38:09.107,108069,0.00425984,buy,740873131
'2025-05-21 19:38:09.108,108069,0.005,buy,740873132
'2025-05-21 19:38:09.110,108069,0.00584422,buy,740873133
'2025-05-21 19:38:09.113,108069,0.007,buy,740873134
'2025-05-21 19:38:09.113,108069,0.01,buy,740873135
'2025-05-21 19:38:09.113,108069,0.00877682,buy,740873136
'2025-05-21 19:38:09.173,108069.3,0.002,buy,740873137
'2025-05-21 19:38:09.394,108069.2,0.00060609,sell,740873139
'2025-05-21 19:38:09.507,108069.2,0.11053114,sell,740873141
'2025-05-21 19:38:09.507,108069.2,0.08702296,sell,740873144
'2025-05-21 19:38:09.507,108069,0.00048207,sell,740873145
'2025-05-21 19:38:09.527,108060,0.00079242,sell,740873147
'2025-05-21 19:38:09.537,108058.4,0.0002933,sell,740873148
'2025-05-21 19:38:09.556,108058,0.00024136,sell,740873149
'2025-05-21 19:38:10.542,108058.1,0.00046,buy,740873150
'2025-05-21 19:38:10.546,108058.1,0.00925429,buy,740873151
'2025-05-21 19:38:10.546,108058.1,0.01555949,buy,740873156
'2025-05-21 19:38:10.551,108060,0.00001,buy,740873157
'2025-05-21 19:38:10.554,108066.2,0.00088,buy,740873158
'2025-05-21 19:38:10.554,108068.5,0.0005,buy,740873159
'2025-05-21 19:38:10.664,108069.9,0.00004886,sell,740873160
'2025-05-21 19:38:11.253,108069.9,0.00021835,sell,740873161
'2025-05-21 19:38:11.424,108070,0.00660983,buy,740873167
'2025-05-21 19:38:11.437,108076,0.00004629,buy,740873168
'2025-05-21 19:38:11.473,108077.4,0.00463,buy,740873169
'2025-05-21 19:38:11.508,108079.9,0.00414214,buy,740873173
'2025-05-21 19:38:11.535,108079.8,0.00037,sell,740873174
'2025-05-21 19:38:11.624,108079.9,0.0104369,buy,740873175
'2025-05-21 19:38:11.694,108080,0.0008631,buy,740873180
'2025-05-21 19:38:11.740,108081.6,0.00316378,buy,740873181
'2025-05-21 19:38:11.753,108087.6,0.00357168,sell,740873182
'2025-05-21 19:38:11.835,108087.7,0.0000926,buy,740873184
'2025-05-21 19:38:11.879,108089.3,0.00736152,buy,740873185
'2025-05-21 19:38:11.879,108089.4,0.00001006,buy,740873186
'2025-05-21 19:38:11.879,108089.8,0.00033309,buy,740873187
'2025-05-21 19:38:11.879,108090,0.00092436,buy,740873192
'2025-05-21 19:38:11.879,108090.1,0.00019367,buy,740873193
'2025-05-21 19:38:11.881,108090.6,0.0000409,buy,740873195
'2025-05-21 19:38:11.881,108090.7,0.00038137,buy,740873197
'2025-05-21 19:38:11.881,108090.9,0.00028057,buy,740873203
'2025-05-21 19:38:11.881,108091,0.00001258,buy,740873204
'2025-05-21 19:38:11.881,108091.6,0.0004836,buy,740873206
'2025-05-21 19:38:11.881,108091.7,0.00001243,buy,740873207
'2025-05-21 19:38:11.881,108091.8,0.00005708,buy,740873209
'2025-05-21 19:38:11.911,108091.9,0.01611032,buy,740873211
'2025-05-21 19:38:11.911,108092,0.00010552,buy,740873213
'2025-05-21 19:38:11.911,108092.3,0.0079283,buy,740873215
'2025-05-21 19:38:11.911,108092.8,0.0000286,buy,740873216
'2025-05-21 19:38:12.240,108093.2,0.01440631,buy,740873219
'2025-05-21 19:38:12.240,108093.5,0.00008352,buy,740873222
'2025-05-21 19:38:12.240,108093.7,0.00022347,buy,740873223
'2025-05-21 19:38:12.240,108093.9,0.00002804,buy,740873224
'2025-05-21 19:38:12.240,108094.1,0.00547748,buy,740873225
'2025-05-21 19:38:12.240,108094.2,0.00001001,buy,740873226
'2025-05-21 19:38:12.240,108094.8,0.00001012,buy,740873227
'2025-05-21 19:38:12.240,108095.1,0.00009152,buy,740873229
'2025-05-21 19:38:12.240,108095.2,0.01081386,buy,740873236
'2025-05-21 19:38:12.240,108095.3,0.00005918,buy,740873237
'2025-05-21 19:38:12.249,108095.3,0.008502,sell,740873238
'2025-05-21 19:38:12.271,108095.4,0.0009251,buy,740873240
'2025-05-21 19:38:12.283,108095.4,0.0000185,buy,740873241
'2025-05-21 19:38:12.939,108095.9,0.0005,sell,740873242
'2025-05-21 19:38:13.100,108096,0.00019889,buy,740873245
'2025-05-21 19:38:13.100,108096.2,0.00001001,buy,740873246
'2025-05-21 19:38:13.100,108096.8,0.00033808,buy,740873247
'2025-05-21 19:38:13.100,108096.9,0.00001058,buy,740873248
'2025-05-21 19:38:13.100,108097.1,0.00001003,buy,740873249
'2025-05-21 19:38:13.100,108097.6,0.00032909,buy,740873252
'2025-05-21 19:38:13.100,108097.8,0.00001013,buy,740873253
'2025-05-21 19:38:13.134,108098.1,0.10677223,buy,740873258
'2025-05-21 19:38:13.134,108098.3,0.00044121,buy,740873261
'2025-05-21 19:38:13.134,108098.6,0.00001,buy,740873262
'2025-05-21 19:38:13.134,108098.8,0.00016943,buy,740873265
'2025-05-21 19:38:13.134,108098.9,0.00001004,buy,740873266
'2025-05-21 19:38:13.134,108099.3,0.0004243,buy,740873267
'2025-05-21 19:38:13.134,108099.4,0.0000153,buy,740873268
'2025-05-21 19:38:13.134,108099.9,0.00646548,buy,740873277
'2025-05-21 19:38:13.134,108100,0.15421032,buy,740873326
'2025-05-21 19:38:13.170,108098.3,0.0278,buy,740873327
'2025-05-21 19:38:13.176,108100,0.36448112,buy,740873329
'2025-05-21 19:38:13.176,108100.5,0.00001008,buy,740873330
'2025-05-21 19:38:13.176,108100.9,0.00001014,buy,740873331
'2025-05-21 19:38:13.176,108101.2,0.00048265,buy,740873333
'2025-05-21 19:38:13.176,108101.4,0.00002018,buy,740873335
'2025-05-21 19:38:13.176,108101.6,0.00010534,buy,740873336
'2025-05-21 19:38:13.176,108101.7,0.00001104,buy,740873337
'2025-05-21 19:38:13.176,108101.8,0.0001326,buy,740873340
'2025-05-21 19:38:13.176,108102.1,0.00007285,buy,740873343
'2025-05-21 19:38:13.176,108102.4,0.0000463,buy,740873344
'2025-05-21 19:38:13.176,108103.4,0.00012803,buy,740873346
'2025-05-21 19:38:13.176,108103.9,0.00002495,buy,740873347
'2025-05-21 19:38:13.176,108104,0.00005643,buy,740873348
'2025-05-21 19:38:13.176,108104.1,0.00001019,buy,740873349
'2025-05-21 19:38:13.176,108104.3,0.00001,buy,740873350
'2025-05-21 19:38:13.176,108104.5,0.00001467,buy,740873351
'2025-05-21 19:38:13.176,108104.8,0.00316276,buy,740873352
'2025-05-21 19:38:13.176,108105,0.00001009,buy,740873353
'2025-05-21 19:38:13.176,108105.1,0.00002032,buy,740873354
'2025-05-21 19:38:13.176,108105.2,0.00007499,buy,740873356
'2025-05-21 19:38:13.176,108105.5,0.00262008,buy,740873357
'2025-05-21 19:38:13.176,108105.6,0.00001017,buy,740873358
'2025-05-21 19:38:13.176,108105.7,0.00028817,buy,740873362
'2025-05-21 19:38:13.176,108105.9,0.00003068,buy,740873363
'2025-05-21 19:38:13.176,108106.6,0.0005,buy,740873364
'2025-05-21 19:38:13.176,108106.9,0.00003794,buy,740873365
'2025-05-21 19:38:13.176,108107,0.00009492,buy,740873369
'2025-05-21 19:38:13.176,108107.7,0.00003533,buy,740873371
'2025-05-21 19:38:13.176,108107.9,0.0000203,buy,740873372
'2025-05-21 19:38:13.176,108108.1,0.00216177,buy,740873375
'2025-05-21 19:38:13.176,108108.3,0.00002794,buy,740873377
'2025-05-21 19:38:13.176,108108.6,0.00006712,buy,740873380
'2025-05-21 19:38:13.176,108108.7,0.00005129,buy,740873381
'2025-05-21 19:38:13.176,108108.8,0.00030491,buy,740873382
'2025-05-21 19:38:13.176,108109.8,0.00002533,buy,740873383
'2025-05-21 19:38:13.176,108110,0.00080242,buy,740873386
'2025-05-21 19:38:13.176,108110.3,0.00001798,buy,740873387
'2025-05-21 19:38:13.176,108110.4,0.0000132,buy,740873388
'2025-05-21 19:38:13.176,108110.6,0.00003219,buy,740873389
'2025-05-21 19:38:13.176,108110.7,0.00013828,buy,740873390
'2025-05-21 19:38:13.176,108110.9,0.00003003,buy,740873391
'2025-05-21 19:38:13.176,108111,0.00541423,buy,740873392
'2025-05-21 19:38:13.176,108111.1,0.0022647,buy,740873395
'2025-05-21 19:38:13.176,108111.4,0.00102728,buy,740873398
'2025-05-21 19:38:13.176,108111.7,0.00001689,buy,740873399
'2025-05-21 19:38:13.176,108111.9,0.00001175,buy,740873400
'2025-05-21 19:38:13.176,108112,0.00001025,buy,740873401
'2025-05-21 19:38:13.176,108112.1,0.00001025,buy,740873402
'2025-05-21 19:38:13.176,108112.4,0.00003726,buy,740873404
'2025-05-21 19:38:13.176,108112.6,0.00003857,buy,740873405
'2025-05-21 19:38:13.176,108112.7,0.00007638,buy,740873406
'2025-05-21 19:38:13.176,108112.8,0.00023238,buy,740873407
'2025-05-21 19:38:13.176,108113.5,0.00012413,buy,740873408
'2025-05-21 19:38:13.176,108113.8,0.00939758,buy,740873409
'2025-05-21 19:38:13.176,108114.2,0.00009407,buy,740873413
'2025-05-21 19:38:13.176,108114.3,0.00001067,buy,740873414
'2025-05-21 19:38:13.176,108114.6,0.01414421,buy,740873415
'2025-05-21 19:38:13.176,108114.7,0.33316429,buy,740873417
'2025-05-21 19:38:13.176,108115,0.00001,buy,740873418
'2025-05-21 19:38:13.176,108115.2,0.0031313,buy,740873419
'2025-05-21 19:38:13.176,108115.5,0.00637044,buy,740873426
'2025-05-21 19:38:13.176,108115.7,0.00004628,buy,740873427
'2025-05-21 19:38:13.176,108115.8,0.00147795,buy,740873429
'2025-05-21 19:38:13.176,108115.9,0.00001939,buy,740873430
'2025-05-21 19:38:13.176,108116.2,0.00003171,buy,740873431
'2025-05-21 19:38:13.176,108116.5,0.001,buy,740873432
'2025-05-21 19:38:13.176,108116.6,0.00213813,buy,740873434
'2025-05-21 19:38:13.176,108116.8,0.0002375,buy,740873435
'2025-05-21 19:38:13.176,108117.1,0.00022048,buy,740873437
'2025-05-21 19:38:13.176,108117.5,0.00042525,buy,740873442
'2025-05-21 19:38:13.176,108117.8,0.0000323,buy,740873444
'2025-05-21 19:38:13.176,108118.4,0.00141996,buy,740873447
'2025-05-21 19:38:13.176,108118.6,0.00309178,buy,740873451
'2025-05-21 19:38:13.176,108119,0.00002191,buy,740873452
'2025-05-21 19:38:13.176,108119.3,0.00010908,buy,740873453
'2025-05-21 19:38:13.176,108119.5,0.00001013,buy,740873454
'2025-05-21 19:38:13.176,108119.6,0.00001051,buy,740873455
'2025-05-21 19:38:13.176,108119.7,0.00001025,buy,740873456
'2025-05-21 19:38:13.176,108119.9,0.00462315,buy,740873457
'2025-05-21 19:38:13.176,108120,0.02568223,buy,740873470
'2025-05-21 19:38:13.176,108120.2,0.00062345,buy,740873473
'2025-05-21 19:38:13.176,108120.9,0.00004869,buy,740873474
'2025-05-21 19:38:13.176,108121.2,0.00273626,buy,740873475
'2025-05-21 19:38:13.176,108121.7,0.00001565,buy,740873476
'2025-05-21 19:38:13.176,108121.8,0.00001192,buy,740873477
'2025-05-21 19:38:13.176,108122,0.00026579,buy,740873479
'2025-05-21 19:38:13.176,108122.1,0.00001,buy,740873480
'2025-05-21 19:38:13.176,108122.2,0.00024754,buy,740873482
'2025-05-21 19:38:13.176,108122.3,0.15226535,buy,740873484
'2025-05-21 19:38:13.178,108100.4,0.0004625,sell,740873485
'2025-05-21 19:38:13.178,108122.3,0.00282457,buy,740873486
'2025-05-21 19:38:13.183,108101.2,0.00028,buy,740873487
'2025-05-21 19:38:13.184,108101.2,0.00051242,buy,740873488
'2025-05-21 19:38:13.192,108101.2,0.00004625,buy,740873489
'2025-05-21 19:38:13.226,108110,0.00001,buy,740873490
'2025-05-21 19:38:13.226,108110.2,0.00148403,buy,740873491
'2025-05-21 19:38:13.242,108106.2,0.00269549,sell,740873492
'2025-05-21 19:38:13.256,108106.2,0.00052367,sell,740873493
'2025-05-21 19:38:13.465,108106.3,0.00019702,buy,740873494
'2025-05-21 19:38:13.524,108106.3,0.00018422,buy,740873495
'2025-05-21 19:38:13.584,108110,0.00001,buy,740873496
'2025-05-21 19:38:13.590,108113.6,0.002225,buy,740873497
'2025-05-21 19:38:13.757,108116.3,0.00054625,sell,740873499
'2025-05-21 19:38:13.856,108116.1,0.03249612,sell,740873501
'2025-05-21 19:38:13.860,108114.4,0.00906,buy,740873502
'2025-05-21 19:38:13.862,108114.3,0.03012583,sell,740873503
'2025-05-21 19:38:13.864,108110.4,0.01,sell,740873504
'2025-05-21 19:38:13.865,108110,0.00016665,sell,740873506
'2025-05-21 19:38:13.866,108108.2,0.00096,sell,740873507
'2025-05-21 19:38:13.869,108107.2,0.00231252,sell,740873508
'2025-05-21 19:38:13.926,108104.8,0.00628359,sell,740873509
'2025-05-21 19:38:13.926,108104,0.00434801,sell,740873510
'2025-05-21 19:38:14.230,108102.1,0.00004625,buy,740873511
'2025-05-21 19:38:14.250,108104.7,0.00004,sell,740873512
'2025-05-21 19:38:14.741,108104.8,0.00628352,buy,740873513
'2025-05-21 19:38:14.744,108106.3,0.0026,buy,740873514
'2025-05-21 19:38:14.747,108106.3,0.00003977,buy,740873515
'2025-05-21 19:38:14.747,108110,0.00001,buy,740873516
'2025-05-21 19:38:14.850,108110.1,0.0011288,buy,740873517
'2025-05-21 19:38:14.885,108112.2,0.00241477,buy,740873519
'2025-05-21 19:38:15.035,108116.2,0.00555993,buy,740873522
'2025-05-21 19:38:15.035,108116.4,0.00016233,buy,740873523
'2025-05-21 19:38:15.066,108116.4,0.003,buy,740873524
'2025-05-21 19:38:15.250,108119.9,0.000567,sell,740873525
'2025-05-21 19:38:15.262,108119.9,0.00022491,sell,740873526
'2025-05-21 19:38:15.433,108120,0.02860225,buy,740873530
'2025-05-21 19:38:15.433,108122.4,0.00024426,buy,740873531
'2025-05-21 19:38:15.433,108122.7,0.00003555,buy,740873532
'2025-05-21 19:38:15.436,108122.9,0.00011187,buy,740873533
'2025-05-21 19:38:15.436,108123,0.00002345,buy,740873534
'2025-05-21 19:38:15.436,108123.2,0.00017364,buy,740873535
'2025-05-21 19:38:15.436,108123.5,0.00001065,buy,740873536
'2025-05-21 19:38:15.436,108123.8,0.00004858,buy,740873537
'2025-05-21 19:38:15.436,108124,0.00016808,buy,740873538
'2025-05-21 19:38:15.436,108124.1,0.00006234,buy,740873541
'2025-05-21 19:38:15.436,108124.2,0.00107804,buy,740873542
'2025-05-21 19:38:15.436,108124.5,0.00002931,buy,740873544
'2025-05-21 19:38:15.436,108124.6,0.00004633,buy,740873545
'2025-05-21 19:38:15.436,108124.7,0.00001295,buy,740873546
'2025-05-21 19:38:15.494,108124.9,0.00007086,buy,740873549
'2025-05-21 19:38:15.494,108125,0.06141883,buy,740873831
'2025-05-21 19:38:16.255,108124.9,0.001988,sell,740873832
'2025-05-21 19:38:16.348,108124.9,0.00009301,sell,740873833
'2025-05-21 19:38:16.608,108124.9,0.001,sell,740873834
'2025-05-21 19:38:16.888,108125,0.00009248,buy,740873836
'2025-05-21 19:38:17.149,108125,0.00648876,buy,740873865
'2025-05-21 19:38:17.149,108125,0.03351287,buy,740873926
'2025-05-21 19:38:17.149,108125,0.05829494,buy,740874031
'2025-05-21 19:38:17.150,108125,0.01361967,buy,740874048
'2025-05-21 19:38:17.150,108125.4,0.00278033,buy,740874054
'2025-05-21 19:38:17.205,108125.3,0.000242,sell,740874055
'2025-05-21 19:38:17.277,108125.3,0.003215,sell,740874056
'2025-05-21 19:38:17.701,108125.4,0.00288962,buy,740874063
'2025-05-21 19:38:17.701,108125.5,0.01935678,buy,740874064
'2025-05-21 19:38:17.701,108125.6,0.00074433,buy,740874067
'2025-05-21 19:38:17.701,108125.8,0.00020487,buy,740874071
'2025-05-21 19:38:17.701,108126,0.00018391,buy,740874072
'2025-05-21 19:38:17.701,108126.4,0.00013195,buy,740874073
'2025-05-21 19:38:17.701,108127.2,0.00002498,buy,740874074
'2025-05-21 19:38:17.701,108127.5,0.00011636,buy,740874079
'2025-05-21 19:38:17.701,108127.5,0.00000001,buy,740874080
'2025-05-21 19:38:17.701,108127.9,0.00000999,buy,740874081
'2025-05-21 19:38:17.704,108127.9,0.00015249,buy,740874083
'2025-05-21 19:38:17.709,108128,0.00316174,buy,740874084
'2025-05-21 19:38:17.709,108128.1,0.00001222,buy,740874085
'2025-05-21 19:38:17.709,108128.3,0.00036632,buy,740874086
'2025-05-21 19:38:17.709,108128.4,0.00001208,buy,740874087
'2025-05-21 19:38:17.709,108128.5,0.00009913,buy,740874090
'2025-05-21 19:38:17.709,108128.9,0.00002276,buy,740874091
'2025-05-21 19:38:17.709,108129.7,0.00002611,buy,740874092
'2025-05-21 19:38:17.709,108129.8,0.00001958,buy,740874093
'2025-05-21 19:38:17.709,108129.9,0.00013608,buy,740874095
'2025-05-21 19:38:17.709,108130,0.00085699,buy,740874100
'2025-05-21 19:38:17.709,108130.1,0.00002197,buy,740874101
'2025-05-21 19:38:17.709,108130.2,0.00001087,buy,740874102
'2025-05-21 19:38:17.709,108130.3,0.00008643,buy,740874103
'2025-05-21 19:38:17.709,108130.4,0.00035323,buy,740874105
'2025-05-21 19:38:17.709,108130.5,0.0000377,buy,740874106
'2025-05-21 19:38:17.709,108131.7,0.00001918,buy,740874107
'2025-05-21 19:38:17.709,108131.8,0.0001156,buy,740874108
'2025-05-21 19:38:17.712,108130.4,0.00051021,buy,740874109
'2025-05-21 19:38:17.713,108130.4,0.00051021,buy,740874110
'2025-05-21 19:38:17.713,108130.4,0.00001919,buy,740874111
'2025-05-21 19:38:17.713,108130.4,0.00001919,buy,740874112
'2025-05-21 19:38:18.252,108130.3,0.000873,sell,740874113
'2025-05-21 19:38:18.257,108130.3,0.00089795,sell,740874114
'2025-05-21 19:38:18.257,108130.4,0.00066678,buy,740874120
'2025-05-21 19:38:18.381,108130.4,0.18203906,buy,740874127
'2025-05-21 19:38:18.381,108131.8,0.00766886,buy,740874128
'2025-05-21 19:38:18.381,108131.8,0.00297365,buy,740874129
'2025-05-21 19:38:18.381,108131.9,0.00001037,buy,740874130
'2025-05-21 19:38:18.381,108132,0.00003702,buy,740874131
'2025-05-21 19:38:18.381,108132.1,0.00086435,buy,740874132
'2025-05-21 19:38:18.381,108132.2,0.00010018,buy,740874134
'2025-05-21 19:38:18.381,108132.5,0.00289763,buy,740874135
'2025-05-21 19:38:18.381,108132.8,0.00010095,buy,740874136
'2025-05-21 19:38:18.381,108133.1,0.00018224,buy,740874139
'2025-05-21 19:38:18.381,108133.3,0.01049832,buy,740874156
'2025-05-21 19:38:18.381,108133.5,0.00001946,buy,740874157
'2025-05-21 19:38:18.381,108133.7,0.00001149,buy,740874158
'2025-05-21 19:38:18.381,108133.8,0.00003453,buy,740874159
'2025-05-21 19:38:18.381,108134.5,0.00002219,buy,740874160
'2025-05-21 19:38:18.381,108134.6,0.00013112,buy,740874161
'2025-05-21 19:38:18.381,108135,0.00011417,buy,740874162
'2025-05-21 19:38:18.381,108135.2,0.07467844,buy,740874164
'2025-05-21 19:38:18.384,108131.8,0.00011418,buy,740874165
'2025-05-21 19:38:18.384,108131.8,0.00011418,buy,740874166
'2025-05-21 19:38:18.504,108131.7,0.046,sell,740874167
'2025-05-21 19:38:18.860,108131.7,0.055263,sell,740874169
'2025-05-21 19:38:18.860,108131.7,0.04413461,sell,740874170
'2025-05-21 19:38:18.862,108131.7,0.01063236,sell,740874171
'2025-05-21 19:38:18.862,108131.7,0.07597591,sell,740874174
'2025-05-21 19:38:18.866,108130,0.00002,sell,740874175
'2025-05-21 19:38:18.866,108128,0.00628288,sell,740874176
'2025-05-21 19:38:18.877,108125.3,0.00018398,sell,740874177
'2025-05-21 19:38:18.887,108120,0.00081242,sell,740874180
'2025-05-21 19:38:18.908,108116.4,0.0031617,sell,740874181
'2025-05-21 19:38:19.077,108116.2,0.00004624,sell,740874182
'2025-05-21 19:38:19.093,108114,0.01013298,sell,740874183
'2025-05-21 19:38:19.113,108114,0.000104,sell,740874184
'2025-05-21 19:38:19.217,108110,0.00099242,sell,740874188
'2025-05-21 19:38:19.316,108108.1,0.0002,buy,740874189
'2025-05-21 19:38:19.617,108108.1,0.0000134,buy,740874190
'2025-05-21 19:38:19.679,108108,0.04482942,sell,740874191
'2025-05-21 19:38:19.687,108108,0.08175083,sell,740874193
'2025-05-21 19:38:19.698,108104.8,0.00316244,sell,740874194
'2025-05-21 19:38:19.774,108103.2,0.01012594,sell,740874195
'2025-05-21 19:38:20.214,108103.3,0.00004624,buy,740874196
'2025-05-21 19:38:20.467,108104.8,0.01466534,buy,740874198
'2025-05-21 19:38:20.489,108104.8,0.00032699,buy,740874199
'2025-05-21 19:38:21.156,108104.7,0.00064593,sell,740874201
'2025-05-21 19:38:21.706,108104.7,0.01006169,sell,740874202
'2025-05-21 19:38:21.711,108104.7,0.00462515,sell,740874203
'2025-05-21 19:38:21.938,108104.8,0.00004625,buy,740874204
'2025-05-21 19:38:22.011,108108.7,0.00009801,sell,740874205
'2025-05-21 19:38:23.067,108108.7,0.00082214,sell,740874209
'2025-05-21 19:38:24.518,108108.5,0.0002,sell,740874210
'2025-05-21 19:38:24.790,108108.6,0.00004624,buy,740874211
'2025-05-21 19:38:24.790,108110,0.00001,buy,740874212
'2025-05-21 19:38:24.790,108114.1,0.00088,buy,740874213
'2025-05-21 19:38:24.790,108116.1,0.0005,buy,740874214
'2025-05-21 19:38:24.790,108116.4,0.00316233,buy,740874215
'2025-05-21 19:38:24.790,108120,0.00080242,buy,740874218
'2025-05-21 19:38:24.790,108120.1,0.13868741,buy,740874219
'2025-05-21 19:38:24.792,108124.1,0.02497069,buy,740874220
'2025-05-21 19:38:24.792,108125.4,0.01502931,buy,740874221
'2025-05-21 19:38:24.792,108125.4,0.00996218,buy,740874223
'2025-05-21 19:38:24.792,108125.5,0.07003782,buy,740874224
'2025-05-21 19:38:24.792,108125.6,0.20803111,buy,740874225
'2025-05-21 19:38:24.792,108125.7,0.00001,buy,740874226
'2025-05-21 19:38:24.792,108129.2,0.00001,buy,740874227
'2025-05-21 19:38:24.792,108129.4,0.00391313,buy,740874228
'2025-05-21 19:38:24.792,108129.9,0.03868992,buy,740874229
'2025-05-21 19:38:24.792,108130,0.00080242,buy,740874232
'2025-05-21 19:38:24.792,108131.8,0.27721957,buy,740874238
'2025-05-21 19:38:24.792,108132.1,0.05219113,buy,740874239
'2025-05-21 19:38:24.792,108132.8,0.00001,buy,740874240
'2025-05-21 19:38:24.792,108134.5,0.0106328,buy,740874241
'2025-05-21 19:38:24.793,108135.5,0.0000443,buy,740874243
'2025-05-21 19:38:24.793,108135.6,0.00008908,buy,740874245
'2025-05-21 19:38:24.793,108135.7,0.00004929,buy,740874246
'2025-05-21 19:38:24.793,108136,0.00002227,buy,740874247
'2025-05-21 19:38:24.793,108136.1,0.00001849,buy,740874248
'2025-05-21 19:38:24.793,108136.3,0.00019535,buy,740874250
'2025-05-21 19:38:24.793,108136.4,0.00001,buy,740874251
'2025-05-21 19:38:24.793,108136.5,0.00001131,buy,740874252
'2025-05-21 19:38:24.793,108136.6,0.00022562,buy,740874253
'2025-05-21 19:38:24.793,108137.4,0.00002406,buy,740874255
'2025-05-21 19:38:24.793,108137.5,0.00350981,buy,740874270
'2025-05-21 19:38:24.793,108137.8,0.00010371,buy,740874276
'2025-05-21 19:38:24.793,108138,0.00025252,buy,740874277
'2025-05-21 19:38:24.793,108138.2,0.00099675,buy,740874279
'2025-05-21 19:38:24.793,108138.3,0.00009261,buy,740874280
'2025-05-21 19:38:24.793,108138.5,0.0005129,buy,740874282
'2025-05-21 19:38:24.793,108138.6,0.00001009,buy,740874283
'2025-05-21 19:38:24.793,108138.7,0.00002,buy,740874284
'2025-05-21 19:38:24.793,108138.9,0.00003443,buy,740874287
'2025-05-21 19:38:24.793,108139,0.00105173,buy,740874292
'2025-05-21 19:38:24.793,108139.1,0.0000283,buy,740874293
'2025-05-21 19:38:24.793,108139.3,0.00005925,buy,740874294
'2025-05-21 19:38:24.793,108139.4,0.00186683,buy,740874295
'2025-05-21 19:38:24.793,108139.5,0.00002026,buy,740874297
'2025-05-21 19:38:24.793,108139.7,0.0000102,buy,740874298
'2025-05-21 19:38:24.793,108139.8,0.0000769,buy,740874299
'2025-05-21 19:38:24.793,108139.9,0.00162152,buy,740874305
'2025-05-21 19:38:24.793,108140,0.00081713,buy,740874309
'2025-05-21 19:38:24.793,108140.1,0.00002973,buy,740874310
'2025-05-21 19:38:24.793,108141.1,0.13848417,buy,740874314
'2025-05-21 19:38:24.793,108141.2,0.00001115,buy,740874315
'2025-05-21 19:38:24.793,108141.5,0.02150468,buy,740874316
'2025-05-21 19:38:24.795,108128.1,0.00001001,buy,740874317
'2025-05-21 19:38:24.795,108128.1,0.00001001,buy,740874318
'2025-05-21 19:38:24.796,108128.1,0.00080243,buy,740874319
'2025-05-21 19:38:24.796,108128.1,0.00080243,buy,740874320
'2025-05-21 19:38:24.798,108128.1,0.00080243,buy,740874321
'2025-05-21 19:38:24.800,108128.1,0.00016678,buy,740874322
'2025-05-21 19:38:24.800,108128.1,0.00016678,buy,740874323
'2025-05-21 19:38:24.800,108128.1,0.00051242,buy,740874324
'2025-05-21 19:38:24.802,108128.1,0.00028,buy,740874325
'2025-05-21 19:38:24.807,108128.1,0.01494663,buy,740874326
'2025-05-21 19:38:24.808,108128.2,0.01849992,buy,740874327
'2025-05-21 19:38:24.811,108130,0.00001,buy,740874328
'2025-05-21 19:38:24.811,108131.4,0.00015678,buy,740874329
'2025-05-21 19:38:24.811,108131.4,0.00016678,buy,740874330
'2025-05-21 19:38:25.020,108140,0.00080225,buy,740874333
'2025-05-21 19:38:25.020,108141.1,0.00009841,buy,740874334
'2025-05-21 19:38:25.020,108142.1,0.00016677,buy,740874338
'2025-05-21 19:38:25.020,108142.3,0.00058822,buy,740874341
'2025-05-21 19:38:25.020,108142.4,0.0000306,buy,740874342
'2025-05-21 19:38:25.063,108138.3,0.00003748,sell,740874343
'2025-05-21 19:38:25.083,108138.3,0.00002081,sell,740874345
'2025-05-21 19:38:25.290,108138.3,0.13582277,sell,740874347
'2025-05-21 19:38:25.295,108137.4,0.0291747,sell,740874348
'2025-05-21 19:38:26.257,108130.4,0.00097341,sell,740874351
'2025-05-21 19:38:26.257,108130,0.00081242,sell,740874354
'2025-05-21 19:38:26.974,108129.3,0.00006925,sell,740874355
'2025-05-21 19:38:27.079,108129.4,0.06645049,buy,740874358
'2025-05-21 19:38:27.079,108129.4,0.00046,buy,740874359
'2025-05-21 19:38:27.079,108129.4,0.0065273,buy,740874364
'2025-05-21 19:38:27.079,108130,0.00001,buy,740874365
'2025-05-21 19:38:27.079,108130.2,0.00113609,buy,740874366
'2025-05-21 19:38:27.081,108137.4,0.00219043,buy,740874368
'2025-05-21 19:38:27.081,108138.6,0.00088,buy,740874369
'2025-05-21 19:38:27.081,108139.4,0.00414722,buy,740874370
'2025-05-21 19:38:27.081,108139.5,0.00102377,buy,740874371
'2025-05-21 19:38:27.081,108140,0.00080242,buy,740874374
'2025-05-21 19:38:27.081,108140.5,0.00106105,buy,740874375
'2025-05-21 19:38:27.081,108141.1,0.00084329,buy,740874376
'2025-05-21 19:38:27.081,108142.4,0.00162617,buy,740874377
'2025-05-21 19:38:27.081,108142.6,0.00002903,buy,740874379
'2025-05-21 19:38:27.081,108142.8,0.01622588,buy,740874392
'2025-05-21 19:38:27.081,108142.9,0.00001157,buy,740874393
'2025-05-21 19:38:27.081,108143,0.00001069,buy,740874394
'2025-05-21 19:38:27.081,108143.2,0.02832015,buy,740874395
'2025-05-21 19:38:27.081,108143.4,0.00001202,buy,740874396
'2025-05-21 19:38:27.081,108143.5,0.00001453,buy,740874397
'2025-05-21 19:38:27.081,108143.6,0.0001132,buy,740874399
'2025-05-21 19:38:27.081,108143.8,0.00004935,buy,740874402
'2025-05-21 19:38:27.081,108144.2,0.00029761,buy,740874403
'2025-05-21 19:38:27.081,108144.3,0.00001011,buy,740874404
'2025-05-21 19:38:27.081,108144.6,0.0241017,buy,740874406
'2025-05-21 19:38:27.081,108144.7,0.00003173,buy,740874407
'2025-05-21 19:38:27.081,108144.9,0.00001019,buy,740874408
'2025-05-21 19:38:27.081,108145.1,0.00003147,buy,740874409
'2025-05-21 19:38:27.081,108145.2,0.00040929,buy,740874410
'2025-05-21 19:38:27.081,108146.1,0.00001011,buy,740874411
'2025-05-21 19:38:27.081,108146.3,0.00001005,buy,740874412
'2025-05-21 19:38:27.082,108146.5,0.00009762,buy,740874415
'2025-05-21 19:38:27.082,108146.7,0.00791791,buy,740874416
'2025-05-21 19:38:27.082,108146.8,0.01093304,buy,740874419
'2025-05-21 19:38:27.082,108147,0.00046856,buy,740874423
'2025-05-21 19:38:27.082,108147.1,0.00035304,buy,740874425
'2025-05-21 19:38:27.082,108147.2,0.00020954,buy,740874426
'2025-05-21 19:38:27.082,108147.3,0.00001941,buy,740874427
'2025-05-21 19:38:27.082,108147.4,0.00026099,buy,740874428
'2025-05-21 19:38:27.082,108147.5,0.04409022,buy,740874430
'2025-05-21 19:38:27.082,108147.6,0.00095755,buy,740874431
'2025-05-21 19:38:27.082,108147.9,0.00001446,buy,740874432
'2025-05-21 19:38:27.082,108148.1,0.00051792,buy,740874437
'2025-05-21 19:38:27.082,108148.2,0.00015856,buy,740874439
'2025-05-21 19:38:27.082,108148.7,0.0000104,buy,740874440
'2025-05-21 19:38:27.082,108148.9,0.00003086,buy,740874441
'2025-05-21 19:38:27.082,108149.1,0.0003871,buy,740874444
'2025-05-21 19:38:27.082,108149.3,0.00001566,buy,740874445
'2025-05-21 19:38:27.082,108149.4,0.00031714,buy,740874448
'2025-05-21 19:38:27.082,108149.7,0.00251099,buy,740874449
'2025-05-21 19:38:27.082,108149.9,0.00007489,buy,740874451
'2025-05-21 19:38:27.082,108150,0.00789658,buy,740874479
'2025-05-21 19:38:27.082,108150.4,0.00010231,buy,740874481
'2025-05-21 19:38:27.082,108150.6,0.00001005,buy,740874482
'2025-05-21 19:38:27.082,108150.7,0.00002514,buy,740874484
'2025-05-21 19:38:27.082,108151,0.00018481,buy,740874485
'2025-05-21 19:38:27.082,108151.3,0.00006131,buy,740874489
'2025-05-21 19:38:27.082,108151.5,0.00028746,buy,740874490
'2025-05-21 19:38:27.082,108151.6,0.00001014,buy,740874491
'2025-05-21 19:38:27.082,108151.7,0.00012185,buy,740874493
'2025-05-21 19:38:27.082,108151.8,0.00001047,buy,740874494
'2025-05-21 19:38:27.082,108151.9,0.00001017,buy,740874495
'2025-05-21 19:38:27.082,108152,0.00037237,buy,740874497
'2025-05-21 19:38:27.082,108152.1,0.00762487,buy,740874500
'2025-05-21 19:38:27.082,108152.2,0.00829445,buy,740874501
'2025-05-21 19:38:27.082,108152.3,0.00008984,buy,740874503
'2025-05-21 19:38:27.082,108152.8,0.00002012,buy,740874505
'2025-05-21 19:38:27.082,108152.9,0.00046841,buy,740874510
'2025-05-21 19:38:27.082,108153.1,0.00006351,buy,740874512
'2025-05-21 19:38:27.082,108153.2,0.00009266,buy,740874513
'2025-05-21 19:38:27.082,108153.5,0.0487582,buy,740874515
'2025-05-21 19:38:27.082,108153.6,0.00015095,buy,740874518
'2025-05-21 19:38:27.082,108153.7,0.00002055,buy,740874520
'2025-05-21 19:38:27.082,108153.8,0.00011226,buy,740874525
'2025-05-21 19:38:27.082,108154,0.00005548,buy,740874526
'2025-05-21 19:38:27.082,108154.1,0.00001003,buy,740874527
'2025-05-21 19:38:27.082,108154.2,0.00001,buy,740874528
'2025-05-21 19:38:27.082,108154.5,0.00023003,buy,740874530
'2025-05-21 19:38:27.082,108155,0.00002611,buy,740874531
'2025-05-21 19:38:27.082,108155.2,0.00041396,buy,740874533
'2025-05-21 19:38:27.082,108155.5,0.00002082,buy,740874534
'2025-05-21 19:38:27.082,108155.8,0.00067968,buy,740874537
'2025-05-21 19:38:27.083,108156.3,0.00002,buy,740874538
'2025-05-21 19:38:27.083,108156.6,0.00209352,buy,740874539
'2025-05-21 19:38:27.083,108156.7,0.00001024,buy,740874540
'2025-05-21 19:38:27.083,108156.8,0.00003552,buy,740874541
'2025-05-21 19:38:27.083,108157.1,0.00011564,buy,740874543
'2025-05-21 19:38:27.083,108157.4,0.00005637,buy,740874545
'2025-05-21 19:38:27.083,108157.6,0.00002538,buy,740874546
'2025-05-21 19:38:27.083,108157.8,0.00031045,buy,740874551
'2025-05-21 19:38:27.083,108158.8,0.00010175,buy,740874552
'2025-05-21 19:38:27.083,108159.2,0.00002636,buy,740874553
'2025-05-21 19:38:27.083,108159.4,0.00067463,buy,740874555
'2025-05-21 19:38:27.083,108159.8,0.00013967,buy,740874556
'2025-05-21 19:38:27.083,108159.9,0.00008193,buy,740874560
'2025-05-21 19:38:27.083,108160,0.00485625,buy,740874578
'2025-05-21 19:38:27.083,108160.6,0.00003288,buy,740874580
'2025-05-21 19:38:27.083,108160.8,0.00001115,buy,740874581
'2025-05-21 19:38:27.083,108161.1,0.00947599,buy,740874584
'2025-05-21 19:38:27.083,108161.2,0.00001686,buy,740874585
'2025-05-21 19:38:27.083,108161.3,0.00003286,buy,740874586
'2025-05-21 19:38:27.083,108161.4,0.00001,buy,740874587
'2025-05-21 19:38:27.083,108161.6,0.00001062,buy,740874588
'2025-05-21 19:38:27.083,108161.8,0.0022938,buy,740874589
'2025-05-21 19:38:27.083,108161.9,0.00008705,buy,740874590
'2025-05-21 19:38:27.083,108162,0.00009393,buy,740874592
'2025-05-21 19:38:27.083,108162.2,0.03319296,buy,740874594
'2025-05-21 19:38:27.083,108162.4,0.00001567,buy,740874595
'2025-05-21 19:38:27.083,108162.5,0.03,buy,740874596
'2025-05-21 19:38:27.083,108162.7,0.00001032,buy,740874597
'2025-05-21 19:38:27.083,108162.8,0.13872134,buy,740874598
'2025-05-21 19:38:27.083,108162.9,0.00009266,buy,740874599
'2025-05-21 19:38:27.083,108163.4,0.00011887,buy,740874600
'2025-05-21 19:38:27.083,108163.5,0.00012307,buy,740874602
'2025-05-21 19:38:27.084,108163.6,0.00018078,buy,740874603
'2025-05-21 19:38:27.084,108163.7,0.00001,buy,740874604
'2025-05-21 19:38:27.084,108164,0.00011497,buy,740874606
'2025-05-21 19:38:27.084,108164.2,0.00008167,buy,740874607
'2025-05-21 19:38:27.084,108164.3,0.01031699,buy,740874609
'2025-05-21 19:38:27.084,108164.9,0.00001,buy,740874610
'2025-05-21 19:38:27.084,108165,0.01151917,buy,740874612
'2025-05-21 19:38:27.084,108165.1,0.01238887,buy,740874614
'2025-05-21 19:38:27.084,108165.3,0.00001182,buy,740874615
'2025-05-21 19:38:27.084,108165.4,0.00005952,buy,740874616
'2025-05-21 19:38:27.084,108166.1,0.00530621,buy,740874618
'2025-05-21 19:38:27.084,108166.1,0.02247221,buy,740874619
'2025-05-21 19:38:27.084,108166.5,0.001,buy,740874620
'2025-05-21 19:38:27.084,108166.6,0.00978721,buy,740874632
'2025-05-21 19:38:27.084,108166.7,0.0305,buy,740874634
'2025-05-21 19:38:27.084,108166.9,0.00001232,buy,740874635
'2025-05-21 19:38:27.084,108167.2,0.0539397,buy,740874637
'2025-05-21 19:38:27.084,108167.5,0.00150649,buy,740874639
'2025-05-21 19:38:27.084,108167.6,0.00003392,buy,740874641
'2025-05-21 19:38:27.084,108168.5,0.00001,buy,740874642
'2025-05-21 19:38:27.084,108168.7,0.00007549,buy,740874644
'2025-05-21 19:38:27.084,108168.8,0.00009138,buy,740874645
'2025-05-21 19:38:27.084,108169,0.00188152,buy,740874647
'2025-05-21 19:38:27.084,108169.1,0.00002183,buy,740874648
'2025-05-21 19:38:27.084,108169.2,0.00002801,buy,740874649
'2025-05-21 19:38:27.084,108169.3,0.0001279,buy,740874659
'2025-05-21 19:38:27.084,108169.5,0.00039652,buy,740874660
'2025-05-21 19:38:27.084,108169.6,0.00004711,buy,740874661
'2025-05-21 19:38:27.084,108169.7,0.00007797,buy,740874665
'2025-05-21 19:38:27.084,108169.8,0.00001051,buy,740874666
'2025-05-21 19:38:27.084,108169.9,0.00093368,buy,740874667
'2025-05-21 19:38:27.084,108170,0.0008209,buy,740874671
'2025-05-21 19:38:27.084,108170.2,0.00001589,buy,740874672
'2025-05-21 19:38:27.084,108170.3,0.00002962,buy,740874673
'2025-05-21 19:38:27.084,108170.4,0.03055066,buy,740874679
'2025-05-21 19:38:27.084,108170.7,0.03003434,buy,740874681
'2025-05-21 19:38:27.084,108170.8,0.0000105,buy,740874682
'2025-05-21 19:38:27.084,108170.9,0.00002335,buy,740874683
'2025-05-21 19:38:27.084,108171.2,0.0000729,buy,740874686
'2025-05-21 19:38:27.084,108171.9,0.03,buy,740874687
'2025-05-21 19:38:27.084,108172,0.00001219,buy,740874688
'2025-05-21 19:38:27.084,108172.1,0.00001,buy,740874689
'2025-05-21 19:38:27.084,108172.3,0.00018562,buy,740874690
'2025-05-21 19:38:27.084,108172.5,0.00002682,buy,740874692
'2025-05-21 19:38:27.086,108172.7,0.00003981,buy,740874693
'2025-05-21 19:38:27.086,108173,0.00079878,buy,740874694
'2025-05-21 19:38:27.086,108173.1,0.00001038,buy,740874695
'2025-05-21 19:38:27.086,108173.4,0.00072234,buy,740874697
'2025-05-21 19:38:27.086,108173.6,0.00001229,buy,740874698
'2025-05-21 19:38:27.086,108173.7,0.00001,buy,740874699
'2025-05-21 19:38:27.086,108173.9,0.00026228,buy,740874704
'2025-05-21 19:38:27.086,108174.4,0.00003063,buy,740874707
'2025-05-21 19:38:27.086,108175,0.00019568,buy,740874710
'2025-05-21 19:38:27.086,108175.2,0.00005044,buy,740874711
'2025-05-21 19:38:27.086,108175.7,0.0021813,buy,740874715
'2025-05-21 19:38:27.087,108165,0.0278,buy,740874716
'2025-05-21 19:38:27.087,108165.5,0.0122,buy,740874717
'2025-05-21 19:38:27.089,108162.8,0.0617,buy,740874718
'2025-05-21 19:38:27.092,108175.8,0.00067981,buy,740874720
'2025-05-21 19:38:27.092,108175.9,0.00015696,buy,740874724
'2025-05-21 19:38:27.092,108176.4,0.00006302,buy,740874725
'2025-05-21 19:38:27.092,108176.5,0.00001345,buy,740874726
'2025-05-21 19:38:27.092,108177.4,0.00029264,buy,740874729
'2025-05-21 19:38:27.092,108177.6,0.00003002,buy,740874730
'2025-05-21 19:38:27.092,108177.7,0.00004048,buy,740874732
'2025-05-21 19:38:27.092,108177.8,0.00003643,buy,740874735
'2025-05-21 19:38:27.092,108177.9,0.00001007,buy,740874736
'2025-05-21 19:38:27.092,108178.5,0.00014616,buy,740874737
'2025-05-21 19:38:27.092,108179,0.00002323,buy,740874738
'2025-05-21 19:38:27.092,108179.2,0.00001,buy,740874739
'2025-05-21 19:38:27.092,108179.4,0.00018373,buy,740874740
'2025-05-21 19:38:27.092,108179.7,0.00003516,buy,740874741
'2025-05-21 19:38:27.092,108180,0.00093425,buy,740874747
'2025-05-21 19:38:27.092,108180.2,0.00025224,buy,740874748
'2025-05-21 19:38:27.092,108180.7,0.00001006,buy,740874749
'2025-05-21 19:38:27.092,108180.9,0.00004804,buy,740874750
'2025-05-21 19:38:27.092,108181.3,0.00001102,buy,740874751
'2025-05-21 19:38:27.092,108181.4,0.0019,buy,740874752
'2025-05-21 19:38:27.092,108181.8,0.00459423,buy,740874775
'2025-05-21 19:38:27.092,108181.9,0.00009727,buy,740874776
'2025-05-21 19:38:27.092,108182.6,0.00004096,buy,740874779
'2025-05-21 19:38:27.092,108182.7,0.00008286,buy,740874780
'2025-05-21 19:38:27.092,108183.4,0.00001245,buy,740874781
'2025-05-21 19:38:27.092,108183.5,0.00054307,buy,740874782
'2025-05-21 19:38:27.092,108184.2,0.00156461,buy,740874784
'2025-05-21 19:38:27.092,108184.3,0.00004624,buy,740874785
'2025-05-21 19:38:27.092,108184.6,0.00093679,buy,740874787
'2025-05-21 19:38:27.092,108185,0.00001005,buy,740874788
'2025-05-21 19:38:27.092,108185.4,0.00004748,buy,740874789
'2025-05-21 19:38:27.092,108185.8,0.00022512,buy,740874791
'2025-05-21 19:38:27.092,108186.2,0.01236108,buy,740874793
'2025-05-21 19:38:27.092,108186.3,0.00001,buy,740874794
'2025-05-21 19:38:27.092,108186.9,0.00079227,buy,740874800
'2025-05-21 19:38:27.092,108187,0.00040433,buy,740874801
'2025-05-21 19:38:27.092,108187.5,0.00076532,buy,740874807
'2025-05-21 19:38:27.092,108187.6,0.00007402,buy,740874810
'2025-05-21 19:38:27.092,108187.7,0.00005318,buy,740874811
'2025-05-21 19:38:27.092,108187.8,0.00001835,buy,740874812
'2025-05-21 19:38:27.092,108187.9,0.000482,buy,740874815
'2025-05-21 19:38:27.092,108188.1,0.00007622,buy,740874821
'2025-05-21 19:38:27.092,108188.3,0.00002626,buy,740874822
'2025-05-21 19:38:27.092,108188.5,0.00013134,buy,740874823
'2025-05-21 19:38:27.092,108188.9,0.0008388,buy,740874828
'2025-05-21 19:38:27.092,108189,0.00009243,buy,740874829
'2025-05-21 19:38:27.092,108189.3,0.00001002,buy,740874830
'2025-05-21 19:38:27.092,108189.5,0.0000102,buy,740874831
'2025-05-21 19:38:27.092,108189.6,0.00001605,buy,740874832
'2025-05-21 19:38:27.092,108189.9,0.00010124,buy,740874836
'2025-05-21 19:38:27.092,108190,0.00082674,buy,740874839
'2025-05-21 19:38:27.092,108190.4,0.00001584,buy,740874840
'2025-05-21 19:38:27.092,108190.5,0.00052533,buy,740874841
'2025-05-21 19:38:27.092,108190.9,0.00006276,buy,740874843
'2025-05-21 19:38:27.092,108191,0.00003225,buy,740874845
'2025-05-21 19:38:27.092,108191.1,0.00010012,buy,740874846
'2025-05-21 19:38:27.092,108191.2,0.00001016,buy,740874847
'2025-05-21 19:38:27.092,108191.3,0.00025236,buy,740874852
'2025-05-21 19:38:27.092,108191.4,0.00054787,buy,740874853
'2025-05-21 19:38:27.092,108191.5,0.00682071,buy,740874855
'2025-05-21 19:38:27.092,108191.6,0.00001546,buy,740874856
'2025-05-21 19:38:27.092,108191.7,0.00007497,buy,740874858
'2025-05-21 19:38:27.092,108192,0.00002359,buy,740874860
'2025-05-21 19:38:27.092,108192.3,0.0002084,buy,740874863
'2025-05-21 19:38:27.092,108193.1,0.00007917,buy,740874864
'2025-05-21 19:38:27.092,108193.2,0.00371867,buy,740874865
'2025-05-21 19:38:27.093,108193.2,0.00247931,buy,740874866
'2025-05-21 19:38:27.093,108193.3,0.00010015,buy,740874869
'2025-05-21 19:38:27.093,108193.5,0.00053964,buy,740874870
'2025-05-21 19:38:27.093,108193.8,0.00002,buy,740874871
'2025-05-21 19:38:27.093,108194,0.00162913,buy,740874875
'2025-05-21 19:38:27.093,108194.2,0.00005693,buy,740874876
'2025-05-21 19:38:27.093,108194.4,0.0003663,buy,740874880
'2025-05-21 19:38:27.093,108194.6,0.00002554,buy,740874881
'2025-05-21 19:38:27.093,108194.9,0.00003715,buy,740874882
'2025-05-21 19:38:27.093,108195,0.00012294,buy,740874884
'2025-05-21 19:38:27.093,108195.6,0.00005755,buy,740874885
'2025-05-21 19:38:27.093,108195.9,0.00002008,buy,740874886
'2025-05-21 19:38:27.093,108196.1,0.00031297,buy,740874888
'2025-05-21 19:38:27.093,108197,0.00485456,buy,740874890
'2025-05-21 19:38:27.093,108197.1,0.00003851,buy,740874892
'2025-05-21 19:38:27.093,108197.4,0.00001016,buy,740874893
'2025-05-21 19:38:27.093,108197.5,0.01274101,buy,740874895
'2025-05-21 19:38:27.093,108198.3,0.0000469,buy,740874896
'2025-05-21 19:38:27.093,108198.6,0.00003976,buy,740874897
'2025-05-21 19:38:27.093,108198.7,0.00011641,buy,740874898
'2025-05-21 19:38:27.093,108198.9,0.00001019,buy,740874899
'2025-05-21 19:38:27.093,108199,0.00005914,buy,740874900
'2025-05-21 19:38:27.093,108199.1,0.00007708,buy,740874902
'2025-05-21 19:38:27.093,108199.4,0.0003006,buy,740874907
'2025-05-21 19:38:27.093,108199.5,0.00005506,buy,740874908
'2025-05-21 19:38:27.093,108199.9,0.00566662,buy,740874915
'2025-05-21 19:38:27.093,108200,0.05021631,buy,740875075
'2025-05-21 19:38:27.093,108200,0.16,buy,740875178
'2025-05-21 19:38:27.105,108175.7,0.00013937,sell,740875179
'2025-05-21 19:38:27.107,108177.8,0.00042166,buy,740875180
'2025-05-21 19:38:27.107,108178.5,0.00880834,buy,740875181
'2025-05-21 19:38:27.113,108177.8,0.00046,sell,740875183
'2025-05-21 19:38:27.116,108178.5,0.00051242,buy,740875184
'2025-05-21 19:38:27.117,108178.5,0.00046219,buy,740875185
'2025-05-21 19:38:27.117,108178.5,0.00001941,buy,740875186
'2025-05-21 19:38:27.118,108178.5,0.00001848,buy,740875187
'2025-05-21 19:38:27.121,108178.5,0.00051242,buy,740875188
'2025-05-21 19:38:27.135,108178.5,0.00024588,buy,740875189
'2025-05-21 19:38:27.135,108178.4,0.0104,sell,740875190
'2025-05-21 19:38:27.142,108178.5,0.00028,buy,740875191
'2025-05-21 19:38:27.142,108178.5,0.00028,buy,740875192
'2025-05-21 19:38:27.173,108178.5,0.00002773,buy,740875193
'2025-05-21 19:38:27.244,108178.5,0.00003697,buy,740875194
'2025-05-21 19:38:27.249,108178.5,0.04627176,buy,740875197
'2025-05-21 19:38:27.249,108180,0.00001,buy,740875198
'2025-05-21 19:38:27.280,108181.3,0.0283,buy,740875200
'2025-05-21 19:38:27.285,108182,0.00089818,sell,740875201
'2025-05-21 19:38:27.299,108182.7,0.000863,sell,740875202
'2025-05-21 19:38:27.532,108182.7,0.01097485,sell,740875203
'2025-05-21 19:38:27.538,108182.7,0.007641,sell,740875204
'2025-05-21 19:38:27.863,108182.8,0.00155504,buy,740875205
'2025-05-21 19:38:28.071,108182.7,0.00919776,sell,740875206
'2025-05-21 19:38:28.249,108182.8,0.00046,buy,740875208
'2025-05-21 19:38:28.250,108182.8,0.03939129,buy,740875211
'2025-05-21 19:38:28.251,108184.2,0.00130882,buy,740875212
'2025-05-21 19:38:28.254,108188.6,0.005911,sell,740875213
'2025-05-21 19:38:28.257,108190,0.00080226,buy,740875217
'2025-05-21 19:38:28.258,108190,0.00080226,buy,740875218
'2025-05-21 19:38:28.265,108190,0.00080226,buy,740875219
'2025-05-21 19:38:28.265,108190,0.00080226,buy,740875220
'2025-05-21 19:38:28.343,108189.9,0.34199346,sell,740875225
'2025-05-21 19:38:28.547,108189,0.00054621,sell,740875227
'2025-05-21 19:38:28.607,108186.1,0.00092395,sell,740875228
'2025-05-21 19:38:28.637,108184.1,0.00018,sell,740875229
'2025-05-21 19:38:28.667,108180,0.00081242,sell,740875232
'2025-05-21 19:38:28.753,108178.5,0.00628106,sell,740875233
'2025-05-21 19:38:28.763,108172,0.00448692,sell,740875234
'2025-05-21 19:38:28.763,108170,0.000015,sell,740875235
'2025-05-21 19:38:28.765,108170,0.00079742,sell,740875238
'2025-05-21 19:38:28.765,108168.6,0.00001501,sell,740875239
'2025-05-21 19:38:28.765,108168.6,0.00081243,sell,740875240
'2025-05-21 19:38:28.795,108167.8,0.00233598,sell,740875241
'2025-05-21 19:38:28.795,108166.9,0.00315949,sell,740875242
'2025-05-21 19:38:28.807,108163.4,0.000015,sell,740875243
'2025-05-21 19:38:28.807,108162.9,0.00005,sell,740875244
'2025-05-21 19:38:28.811,108160,0.00462855,sell,740875250
'2025-05-21 19:38:28.860,108160,0.00057023,sell,740875251
'2025-05-21 19:38:28.862,108160,0.00007128,sell,740875252
'2025-05-21 19:38:28.954,108160,0.00879696,sell,740875253
'2025-05-21 19:38:28.969,108160.1,0.37224621,buy,740875258
'2025-05-21 19:38:29.015,108166.9,0.00628137,buy,740875259
'2025-05-21 19:38:29.023,108170,0.00080242,buy,740875262
'2025-05-21 19:38:29.025,108180,0.00080242,buy,740875265
'2025-05-21 19:38:29.103,108182,0.018,sell,740875266
'2025-05-21 19:38:29.117,108182,0.018,sell,740875267
'2025-05-21 19:38:29.147,108182,0.00074784,sell,740875268
'2025-05-21 19:38:29.235,108180,0.00006621,sell,740875270
'2025-05-21 19:38:29.794,108179.9,0.00870486,sell,740875271
'2025-05-21 19:38:30.253,108179.9,0.001766,sell,740875275
'2025-05-21 19:38:30.478,108179.9,0.00870481,sell,740875276
'2025-05-21 19:38:30.980,108180,0.00772864,buy,740875280
'2025-05-21 19:38:30.980,108182.8,0.00319272,buy,740875282
'2025-05-21 19:38:30.980,108184.1,0.0000125,buy,740875283
'2025-05-21 19:38:30.983,108185.2,0.0000125,buy,740875284
'2025-05-21 19:38:30.987,108186.4,0.20790405,buy,740875285
'2025-05-21 19:38:30.987,108188.6,0.0005,buy,740875286
'2025-05-21 19:38:31.040,108189.5,0.15077045,buy,740875293
'2025-05-21 19:38:31.040,108190,0.00106227,buy,740875298
'2025-05-21 19:38:31.040,108190.6,0.0000125,buy,740875299
'2025-05-21 19:38:31.040,108191.6,0.00315896,buy,740875300
'2025-05-21 19:38:31.052,108194.9,0.00258864,sell,740875301
'2025-05-21 19:38:31.127,108194.9,0.00054621,sell,740875303
'2025-05-21 19:38:31.184,108191.6,0.00017892,sell,740875304
'2025-05-21 19:38:31.786,108191.6,0.00642758,sell,740875308
'2025-05-21 19:38:31.788,108190,0.00002,sell,740875309
'2025-05-21 19:38:31.792,108183.5,0.00096,sell,740875310
'2025-05-21 19:38:31.792,108180,0.00081242,sell,740875313
'2025-05-21 19:38:31.792,108178.2,0.00046102,sell,740875314
'2025-05-21 19:38:31.792,108178.1,0.00188,sell,740875315
'2025-05-21 19:38:31.792,108178,0.00231656,sell,740875316
'2025-05-21 19:38:31.792,108178,0.00643,sell,740875317
'2025-05-21 19:38:32.221,108177,0.00523457,sell,740875320
'2025-05-21 19:38:32.227,108176,0.00024735,sell,740875321
'2025-05-21 19:38:32.227,108174.1,0.00001501,sell,740875322
'2025-05-21 19:38:32.506,108172,0.007647,sell,740875323
'2025-05-21 19:38:32.921,108172.1,0.20395621,buy,740875328
'2025-05-21 19:38:32.921,108174,0.0185,buy,740875329
'2025-05-21 19:38:32.921,108176,0.0185,buy,740875330
'2025-05-21 19:38:32.992,108176,0.00009814,sell,740875331
'2025-05-21 19:38:33.086,108176,0.04367651,sell,740875332
'2025-05-21 19:38:33.086,108176,0.08653506,sell,740875333
'2025-05-21 19:38:33.086,108176,0.04792038,sell,740875334
'2025-05-21 19:38:33.087,108176,0.06131435,sell,740875335
'2025-05-21 19:38:33.087,108176,0.04235073,sell,740875339
'2025-05-21 19:38:33.087,108172.8,0.024454,sell,740875340
'2025-05-21 19:38:33.087,108172.8,0.056336,sell,740875341
'2025-05-21 19:38:33.087,108172.7,0.04784661,sell,740875342
'2025-05-21 19:38:33.087,108172.6,0.02311739,sell,740875343
'2025-05-21 19:38:33.087,108172.6,0.00780343,sell,740875344
'2025-05-21 19:38:33.087,108171.9,0.00739508,sell,740875345
'2025-05-21 19:38:33.087,108170,0.00081242,sell,740875348
'2025-05-21 19:38:33.087,108169.3,0.00154897,sell,740875349
'2025-05-21 19:38:33.087,108169.2,0.16874996,sell,740875350
'2025-05-21 19:38:33.087,108169.2,0.0145668,sell,740875351
'2025-05-21 19:38:33.087,108169.2,0.00952084,sell,740875352
'2025-05-21 19:38:33.087,108169.2,0.04024458,sell,740875353
'2025-05-21 19:38:33.087,108169.2,0.01644561,sell,740875354
'2025-05-21 19:38:33.087,108169.2,0.02669074,sell,740875355
'2025-05-21 19:38:33.088,108167.9,0.00096,sell,740875356
'2025-05-21 19:38:33.089,108166.8,0.03092247,sell,740875357
'2025-05-21 19:38:33.089,108165.6,0.0169606,sell,740875358
'2025-05-21 19:38:33.089,108165.4,0.00315972,sell,740875359
'2025-05-21 19:38:33.089,108162.5,0.00188,sell,740875360
'2025-05-21 19:38:33.089,108161.2,0.00419311,sell,740875361
'2025-05-21 19:38:33.089,108160.8,0.00154897,sell,740875362
'2025-05-21 19:38:33.089,108160.7,0.0309242,sell,740875363
'2025-05-21 19:38:33.089,108160.2,0.00006,sell,740875364
'2025-05-21 19:38:33.091,108160,0.00679,sell,740875365
'2025-05-21 19:38:33.092,108160,0.00466,sell,740875367
'2025-05-21 19:38:33.092,108160,0.00265692,sell,740875371
'2025-05-21 19:38:33.093,108160.3,0.00277548,sell,740875372
'2025-05-21 19:38:33.093,108158,0.01832452,sell,740875373
'2025-05-21 19:38:33.093,108160.3,0.02987548,sell,740875374
'2025-05-21 19:38:33.097,108160,0.055,sell,740875377
'2025-05-21 19:38:33.206,108160,0.00846208,sell,740875378
'2025-05-21 19:38:33.240,108160,0.007656,sell,740875379
'2025-05-21 19:38:33.327,108160.1,0.02172295,buy,740875380
'2025-05-21 19:38:33.430,108160,0.14360655,sell,740875387
'2025-05-21 19:38:33.932,108160,0.00828478,sell,740875388
'2025-05-21 19:38:35.161,108160.1,0.00004622,buy,740875389
'2025-05-21 19:38:35.161,108165.4,0.00148514,buy,740875390
'2025-05-21 19:38:35.644,108165.3,0.09529596,sell,740875392
'2025-05-21 19:38:35.913,108165.3,0.09876127,sell,740875396
'2025-05-21 19:38:36.034,108165.3,0.00058,sell,740875397
'2025-05-21 19:38:37.122,108165.3,0.03751044,sell,740875398
'2025-05-21 19:38:37.204,108165.4,0.02822223,buy,740875400
'2025-05-21 19:38:37.592,108165.3,0.00732325,sell,740875404
'2025-05-21 19:38:37.592,108164,0.00089323,sell,740875405
'2025-05-21 19:38:39.311,108160,0.00013911,sell,740875406
'2025-05-21 19:38:39.503,108160,0.00807965,sell,740875411
'2025-05-21 19:38:39.633,108160,0.02069961,sell,740875413
'2025-05-21 19:38:39.687,108160,0.00025303,sell,740875416
'2025-05-21 19:38:39.707,108154.5,0.00104898,sell,740875418
'2025-05-21 19:38:39.707,108154.5,0.00104898,sell,740875419
'2025-05-21 19:38:39.711,108154.5,0.00104898,sell,740875420
'2025-05-21 19:38:39.712,108154.5,0.00104898,sell,740875421
'2025-05-21 19:38:39.716,108154.5,0.00104898,sell,740875422
'2025-05-21 19:38:39.716,108154.5,0.00104898,sell,740875423
'2025-05-21 19:38:40.270,108154.5,0.00769288,sell,740875424
'2025-05-21 19:38:41.151,108154.6,0.00004622,buy,740875425
'2025-05-21 19:38:41.152,108160,0.00001,buy,740875426
'2025-05-21 19:38:41.163,108162.6,0.00756179,sell,740875427
'2025-05-21 19:38:41.192,108163,0.0005,buy,740875428
'2025-05-21 19:38:41.270,108165.3,0.00033929,buy,740875429
'2025-05-21 19:38:41.308,108165.3,0.00635827,buy,740875432
'2025-05-21 19:38:41.997,108169.9,0.00072622,sell,740875435
'2025-05-21 19:38:42.091,108165.3,0.00753165,sell,740875437
'2025-05-21 19:38:42.257,108165.4,0.00685511,buy,740875440
'2025-05-21 19:38:42.261,108170,0.00080242,buy,740875443
'2025-05-21 19:38:42.261,108172,0.00177216,buy,740875444
'2025-05-21 19:38:42.873,108171.9,0.00742267,sell,740875445
'2025-05-21 19:38:44.115,108175.5,0.001,sell,740875447
'2025-05-21 19:38:44.783,108175.5,0.00728873,sell,740875448
'2025-05-21 19:38:45.488,108175.5,0.00725661,sell,740875449
'2025-05-21 19:38:45.662,108175.6,0.00058532,buy,740875451
'2025-05-21 19:38:45.662,108176.1,0.00024703,buy,740875452
'2025-05-21 19:38:45.662,108177,0.00315967,buy,740875453
'2025-05-21 19:38:45.662,108177.8,0.00233784,buy,740875454
'2025-05-21 19:38:45.662,108180,0.00080242,buy,740875457
'2025-05-21 19:38:47.215,108188,0.00209945,buy,740875459
'2025-05-21 19:38:47.215,108188.6,0.00315909,buy,740875460
'2025-05-21 19:38:47.215,108190,0.00080242,buy,740875463
'2025-05-21 19:38:47.215,108192,0.0185,buy,740875464
'2025-05-21 19:38:47.215,108193.4,0.00791205,buy,740875465
'2025-05-21 19:38:47.215,108195,0.00015325,buy,740875470
'2025-05-21 19:38:47.215,108195.1,0.0005,buy,740875471
'2025-05-21 19:38:47.215,108196.1,0.00088,buy,740875472
'2025-05-21 19:38:47.215,108197.1,0.00001,buy,740875473
'2025-05-21 19:38:47.216,108199.7,0.00175981,buy,740875474
'2025-05-21 19:38:47.216,108200,0.12233926,buy,740875475
'2025-05-21 19:38:47.216,108200,0.10188538,buy,740875476
'2025-05-21 19:38:47.217,108200,0.01650321,buy,740875477
'2025-05-21 19:38:47.217,108200,0.17117624,buy,740875482
'2025-05-21 19:38:47.217,108200.1,0.00021287,buy,740875483
'2025-05-21 19:38:47.217,108200.2,0.00044377,buy,740875485
'2025-05-21 19:38:47.218,108200.2,0.0007247,buy,740875486
'2025-05-21 19:38:47.218,108200.3,0.00009052,buy,740875488
'2025-05-21 19:38:47.218,108201,0.00155959,buy,740875490
'2025-05-21 19:38:47.218,108201.5,0.00181,buy,740875491
'2025-05-21 19:38:47.218,108201.6,0.00001059,buy,740875492
'2025-05-21 19:38:47.218,108201.8,0.0000322,buy,740875493
'2025-05-21 19:38:47.218,108202,0.00001024,buy,740875494
'2025-05-21 19:38:47.218,108202.5,0.00003499,buy,740875497
'2025-05-21 19:38:47.218,108202.7,0.0000109,buy,740875498
'2025-05-21 19:38:47.218,108202.9,0.00014228,buy,740875499
'2025-05-21 19:38:47.218,108203.1,0.00005308,buy,740875503
'2025-05-21 19:38:47.218,108203.5,0.00002373,buy,740875504
'2025-05-21 19:38:47.218,108203.8,0.00003816,buy,740875507
'2025-05-21 19:38:47.227,108203.8,0.00015363,buy,740875508
'2025-05-21 19:38:47.259,108203.8,0.00463867,buy,740875510
'2025-05-21 19:38:47.259,108204,0.00004855,buy,740875511
'2025-05-21 19:38:47.259,108204.9,0.00002251,buy,740875513
'2025-05-21 19:38:47.259,108205,0.00003039,buy,740875515
'2025-05-21 19:38:47.259,108205.1,0.00001089,buy,740875516
'2025-05-21 19:38:47.259,108205.8,0.00003128,buy,740875519
'2025-05-21 19:38:47.259,108205.9,0.00008752,buy,740875521
'2025-05-21 19:38:47.259,108206.1,0.00030533,buy,740875522
'2025-05-21 19:38:47.259,108206.2,0.00008114,buy,740875523
'2025-05-21 19:38:47.259,108206.3,0.00434519,buy,740875530
'2025-05-21 19:38:47.259,108206.4,0.00146596,buy,740875531
'2025-05-21 19:38:47.259,108206.7,0.00005708,buy,740875534
'2025-05-21 19:38:47.259,108206.8,0.00003783,buy,740875536
'2025-05-21 19:38:47.259,108206.9,0.00002685,buy,740875538
'2025-05-21 19:38:47.259,108207.1,0.00346893,buy,740875542
'2025-05-21 19:38:47.259,108207.2,0.00022499,buy,740875548
'2025-05-21 19:38:47.259,108207.7,0.001017,buy,740875549
'2025-05-21 19:38:47.259,108208,0.00005059,buy,740875550
'2025-05-21 19:38:47.259,108208.3,0.00396126,buy,740875554
'2025-05-21 19:38:47.259,108208.5,0.00003042,buy,740875556
'2025-05-21 19:38:47.259,108208.8,0.00786236,buy,740875557
'2025-05-21 19:38:47.267,108208.8,0.00294423,buy,740875558
'2025-05-21 19:38:47.267,108208.9,0.00006201,buy,740875559
'2025-05-21 19:38:47.267,108209.2,0.00002683,buy,740875561
'2025-05-21 19:38:47.270,108209.5,0.00002251,buy,740875562
'2025-05-21 19:38:47.270,108209.6,0.00008099,buy,740875563
'2025-05-21 19:38:47.278,108209.6,0.00004921,buy,740875564
'2025-05-21 19:38:47.278,108209.9,0.00004622,buy,740875565
'2025-05-21 19:38:47.340,108210,0.00080242,buy,740875568
'2025-05-21 19:38:47.340,108210.4,0.00003018,buy,740875570
'2025-05-21 19:38:47.340,108210.5,0.00092251,buy,740875573
'2025-05-21 19:38:47.340,108210.8,0.00001024,buy,740875574
'2025-05-21 19:38:47.340,108211,0.00059399,buy,740875575
'2025-05-21 19:38:47.340,108211.3,0.00012293,buy,740875579
'2025-05-21 19:38:47.340,108211.4,0.00004196,buy,740875580
'2025-05-21 19:38:47.340,108211.6,0.00016451,buy,740875581
'2025-05-21 19:38:47.340,108212,0.00001043,buy,740875582
'2025-05-21 19:38:47.340,108212.4,0.00007971,buy,740875584
'2025-05-21 19:38:47.340,108212.5,0.00001547,buy,740875585
'2025-05-21 19:38:47.340,108212.6,0.00026793,buy,740875588
'2025-05-21 19:38:47.340,108213.2,0.00004881,buy,740875589
'2025-05-21 19:38:47.340,108213.5,0.00007127,buy,740875591
'2025-05-21 19:38:47.340,108213.6,0.00050537,buy,740875594
'2025-05-21 19:38:47.340,108213.7,0.0050066,buy,740875595
'2025-05-21 19:38:47.340,108213.9,0.00080933,buy,740875597
'2025-05-21 19:38:47.340,108214.2,0.00857208,buy,740875613
'2025-05-21 19:38:47.340,108214.5,0.00011372,buy,740875615
'2025-05-21 19:38:47.340,108214.8,0.00002658,buy,740875616
'2025-05-21 19:38:47.340,108215.2,0.00105786,buy,740875617
'2025-05-21 19:38:47.340,108215.4,0.00321132,buy,740875620
'2025-05-21 19:38:47.340,108215.5,0.00001083,buy,740875621
'2025-05-21 19:38:47.340,108215.6,0.00010152,buy,740875622
'2025-05-21 19:38:47.340,108215.7,0.00125222,buy,740875623
'2025-05-21 19:38:47.340,108216,0.00059433,buy,740875624
'2025-05-21 19:38:47.340,108216.6,0.00088335,buy,740875626
'2025-05-21 19:38:47.340,108216.7,0.00008935,buy,740875630
'2025-05-21 19:38:47.340,108217,0.00001021,buy,740875631
'2025-05-21 19:38:47.340,108217.1,0.01882034,buy,740875632
'2025-05-21 19:38:47.340,108217.2,0.00023517,buy,740875633
'2025-05-21 19:38:47.340,108217.7,0.00002119,buy,740875635
'2025-05-21 19:38:47.340,108217.9,0.00007029,buy,740875638
'2025-05-21 19:38:47.340,108218,0.00002511,buy,740875639
'2025-05-21 19:38:47.340,108218.1,0.00001,buy,740875640
'2025-05-21 19:38:47.340,108218.2,0.000121,buy,740875643
'2025-05-21 19:38:47.340,108218.7,0.00001011,buy,740875644
'2025-05-21 19:38:47.340,108219.2,0.0001529,buy,740875649
'2025-05-21 19:38:47.340,108219.4,0.00002467,buy,740875650
'2025-05-21 19:38:47.340,108219.5,0.00002512,buy,740875651
'2025-05-21 19:38:47.340,108219.7,0.0001137,buy,740875652
'2025-05-21 19:38:47.340,108219.9,0.00003718,buy,740875654
'2025-05-21 19:38:47.340,108220,0.00085009,buy,740875660
'2025-05-21 19:38:47.340,108220.2,0.0000169,buy,740875661
'2025-05-21 19:38:47.340,108220.3,0.0002111,buy,740875662
'2025-05-21 19:38:47.340,108221,0.00004284,buy,740875664
'2025-05-21 19:38:47.340,108221.4,0.00011188,buy,740875665
'2025-05-21 19:38:47.340,108222.1,0.00115489,buy,740875669
'2025-05-21 19:38:47.340,108222.2,0.01381927,buy,740875679
'2025-05-21 19:38:47.340,108222.3,0.00004054,buy,740875681
'2025-05-21 19:38:47.340,108222.6,0.00043328,buy,740875682
'2025-05-21 19:38:47.340,108222.7,0.00001512,buy,740875683
'2025-05-21 19:38:47.340,108222.8,0.00137017,buy,740875685
'2025-05-21 19:38:47.340,108222.9,0.00001527,buy,740875686
'2025-05-21 19:38:47.340,108223,0.00013037,buy,740875687
'2025-05-21 19:38:47.341,108223.1,0.00001027,buy,740875688
'2025-05-21 19:38:47.341,108223.2,0.00469366,buy,740875693
'2025-05-21 19:38:47.341,108223.3,0.0044581,buy,740875697
'2025-05-21 19:38:47.341,108223.5,0.00802172,buy,740875699
'2025-05-21 19:38:47.341,108224,0.0000313,buy,740875702
'2025-05-21 19:38:47.343,108224.5,0.00004084,buy,740875706
'2025-05-21 19:38:47.343,108224.6,0.00009752,buy,740875711
'2025-05-21 19:38:47.343,108224.7,0.00077982,buy,740875713
'2025-05-21 19:38:47.343,108224.8,0.00004049,buy,740875716
'2025-05-21 19:38:47.343,108225,0.00074212,buy,740875722
'2025-05-21 19:38:47.343,108225.3,0.00008831,buy,740875724
'2025-05-21 19:38:47.343,108225.6,0.00001,buy,740875725
'2025-05-21 19:38:47.343,108225.7,0.00005025,buy,740875728
'2025-05-21 19:38:47.343,108225.8,0.00057907,buy,740875729
'2025-05-21 19:38:47.343,108226.1,0.00002085,buy,740875730
'2025-05-21 19:38:47.343,108226.2,0.01375073,buy,740875733
'2025-05-21 19:38:47.344,108226.2,0.0002,buy,740875734
'2025-05-21 19:38:47.347,108226.2,0.01389758,buy,740875735
'2025-05-21 19:38:47.347,108226.4,0.00001379,buy,740875736
'2025-05-21 19:38:47.347,108226.8,0.00006718,buy,740875739
'2025-05-21 19:38:47.347,108227.1,0.00002304,buy,740875740
'2025-05-21 19:38:47.347,108227.3,0.00002036,buy,740875742
'2025-05-21 19:38:47.347,108227.4,0.0001701,buy,740875744
'2025-05-21 19:38:47.347,108227.5,0.00003362,buy,740875745
'2025-05-21 19:38:47.347,108227.7,0.00027457,buy,740875746
'2025-05-21 19:38:47.347,108228,0.00017567,buy,740875747
'2025-05-21 19:38:47.347,108228.3,0.06377083,buy,740875748
'2025-05-21 19:38:47.348,108228.4,0.0164,buy,740875749
'2025-05-21 19:38:47.348,108228.4,0.08517847,buy,740875750
'2025-05-21 19:38:47.348,108228.4,0.00761004,buy,740875751
'2025-05-21 19:38:47.350,108228.4,0.15665344,buy,740875752
'2025-05-21 19:38:47.350,108228.4,0.01122883,buy,740875753
'2025-05-21 19:38:47.351,108228.3,0.00018293,sell,740875754
'2025-05-21 19:38:47.352,108228.4,0.08690969,buy,740875755
'2025-05-21 19:38:47.354,108228.4,0.0936856,buy,740875756
'2025-05-21 19:38:47.354,108228.4,0.00090969,buy,740875757
'2025-05-21 19:38:47.358,108228.4,0.01847943,buy,740875758
'2025-05-21 19:38:47.358,108228.4,0.00009054,buy,740875759
'2025-05-21 19:38:47.361,108228.4,0.00010533,buy,740875760
'2025-05-21 19:38:47.361,108228.4,0.00010533,buy,740875761
'2025-05-21 19:38:47.361,108228.4,0.00009239,buy,740875762
'2025-05-21 19:38:47.361,108228.4,0.00010533,buy,740875763
'2025-05-21 19:38:47.361,108228.4,0.00010348,buy,740875764
'2025-05-21 19:38:47.362,108228.4,0.00010348,buy,740875765
'2025-05-21 19:38:47.363,108228.4,0.00010163,buy,740875766
'2025-05-21 19:38:47.382,108228.4,0.01033943,buy,740875767
'2025-05-21 19:38:47.406,108228.4,0.00009239,buy,740875768
'2025-05-21 19:38:47.407,108228.4,0.00001847,buy,740875769
'2025-05-21 19:38:47.432,108228.4,0.1201935,buy,740875770
'2025-05-21 19:38:47.432,108228.4,0.09887107,buy,740875771
'2025-05-21 19:38:47.432,108228.4,0.04167292,buy,740875772
'2025-05-21 19:38:47.432,108228.4,0.06207107,buy,740875773
'2025-05-21 19:38:47.432,108228.4,0.00588963,buy,740875774
'2025-05-21 19:38:47.432,108228.4,0.01157113,buy,740875775
'2025-05-21 19:38:47.432,108228.4,0.05197533,buy,740875776
'2025-05-21 19:38:47.432,108228.4,0.00307107,buy,740875777
'2025-05-21 19:38:47.432,108228.4,0.15559745,buy,740875778
'2025-05-21 19:38:47.432,108228.4,0.10119745,buy,740875779
'2025-05-21 19:38:47.432,108228.4,0.02381427,buy,740875780
'2025-05-21 19:38:47.432,108228.4,0.00309745,buy,740875781
'2025-05-21 19:38:47.432,108228.4,0.00683743,buy,740875782
'2025-05-21 19:38:47.433,108228.4,0.05180948,buy,740875783
'2025-05-21 19:38:47.433,108228.4,0.00841003,buy,740875784
'2025-05-21 19:38:47.433,108228.4,0.01558582,buy,740875785
'2025-05-21 19:38:47.433,108228.4,0.04560382,buy,740875786
'2025-05-21 19:38:47.433,108228.4,0.1748,buy,740875787
'2025-05-21 19:38:47.433,108228.4,0.00691819,buy,740875788
'2025-05-21 19:38:47.433,108228.4,0.15372,buy,740875789
'2025-05-21 19:38:47.433,108228.4,0.01167008,buy,740875790
'2025-05-21 19:38:47.434,108228.4,0.00410613,buy,740875791
'2025-05-21 19:38:47.434,108228.4,0.0127746,buy,740875792
'2025-05-21 19:38:47.434,108228.4,0.01074777,buy,740875793
'2025-05-21 19:38:47.434,108228.4,0.06828,buy,740875794
'2025-05-21 19:38:47.434,108228.4,0.0164,buy,740875795
'2025-05-21 19:38:47.435,108228.4,0.05928,buy,740875796
'2025-05-21 19:38:47.435,108228.4,0.00248556,buy,740875797
'2025-05-21 19:38:47.435,108228.4,0.00818177,buy,740875798
'2025-05-21 19:38:47.436,108228.4,0.17032049,buy,740875800
'2025-05-21 19:38:47.436,108228.5,0.00087048,buy,740875801
'2025-05-21 19:38:47.436,108228.8,0.00011887,buy,740875802
'2025-05-21 19:38:47.436,108229.1,0.00007271,buy,740875804
'2025-05-21 19:38:47.436,108229.3,0.00001719,buy,740875805
'2025-05-21 19:38:47.436,108229.7,0.0000202,buy,740875806
'2025-05-21 19:38:47.436,108229.8,0.00009171,buy,740875807
'2025-05-21 19:38:47.436,108229.9,0.00003497,buy,740875808
'2025-05-21 19:38:47.436,108230,0.00091975,buy,740875813
'2025-05-21 19:38:47.436,108230.1,0.00035367,buy,740875816
'2025-05-21 19:38:47.436,108230.2,0.00002341,buy,740875817
'2025-05-21 19:38:47.436,108230.7,0.00036655,buy,740875820
'2025-05-21 19:38:47.436,108230.8,0.00160288,buy,740875821
'2025-05-21 19:38:47.436,108231,0.00001005,buy,740875822
'2025-05-21 19:38:47.436,108231.2,0.00002737,buy,740875823
'2025-05-21 19:38:47.436,108231.3,0.00009054,buy,740875826
'2025-05-21 19:38:47.436,108231.4,0.00013931,buy,740875830
'2025-05-21 19:38:47.436,108231.6,0.00077512,buy,740875836
'2025-05-21 19:38:47.436,108231.7,0.0000102,buy,740875837
'2025-05-21 19:38:47.436,108231.8,0.00013675,buy,740875840
'2025-05-21 19:38:47.436,108231.9,0.00083537,buy,740875841
'2025-05-21 19:38:47.436,108232,0.00001004,buy,740875842
'2025-05-21 19:38:47.436,108232.2,0.000023,buy,740875843
'2025-05-21 19:38:47.436,108232.3,0.00037473,buy,740875844
'2025-05-21 19:38:47.436,108232.4,0.00004854,buy,740875845
'2025-05-21 19:38:47.436,108232.7,0.00002018,buy,740875847
'2025-05-21 19:38:47.437,108233.3,0.09506,buy,740875850
'2025-05-21 19:38:47.693,108233.3,0.00002106,buy,740875851
'2025-05-21 19:38:47.693,108233.3,0.00002106,buy,740875852
'2025-05-21 19:38:47.693,108233.3,0.00002106,buy,740875853
'2025-05-21 19:38:47.693,108233.3,0.00002106,buy,740875854
'2025-05-21 19:38:47.693,108233.3,0.00002106,buy,740875855
'2025-05-21 19:38:47.693,108233.3,0.00002106,buy,740875856
'2025-05-21 19:38:47.693,108233.3,0.00002106,buy,740875857
'2025-05-21 19:38:47.693,108233.3,0.00002106,buy,740875858
'2025-05-21 19:38:47.693,108233.3,0.00002106,buy,740875859
'2025-05-21 19:38:47.693,108233.3,0.00002106,buy,740875860
'2025-05-21 19:38:47.693,108233.3,0.0000125,buy,740875861
'2025-05-21 19:38:47.725,108233.3,0.00092,buy,740875862
'2025-05-21 19:38:47.799,108233.2,0.00018403,sell,740875863
'2025-05-21 19:38:48.091,108233.2,0.06160739,sell,740875868
'2025-05-21 19:38:48.091,108233.2,0.00943179,sell,740875869
'2025-05-21 19:38:48.092,108233.2,0.01068937,sell,740875870
'2025-05-21 19:38:48.092,108233.2,0.0673,sell,740875871
'2025-05-21 19:38:48.092,108233.2,0.00790474,sell,740875872
'2025-05-21 19:38:48.094,108233.2,0.00817422,sell,740875873
'2025-05-21 19:38:48.099,108233.2,0.02500122,sell,740875875
'2025-05-21 19:38:48.102,108233.2,0.0005,sell,740875876
'2025-05-21 19:38:48.102,108232.7,0.00138719,sell,740875877
'2025-05-21 19:38:48.139,108232.7,0.00933116,sell,740875878
'2025-05-21 19:38:48.147,108230,0.00001,sell,740875879
'2025-05-21 19:38:48.147,108227.4,0.0005,sell,740875880
'2025-05-21 19:38:48.147,108225.1,0.00096,sell,740875881
'2025-05-21 19:38:48.375,108220.5,0.00288821,sell,740875882
'2025-05-21 19:38:48.799,108220.6,0.00018388,buy,740875885
'2025-05-21 19:38:48.930,108220.5,0.00715772,sell,740875886
'2025-05-21 19:38:48.975,108220.5,0.20886616,sell,740875890
'2025-05-21 19:38:48.975,108220,0.00080242,sell,740875893
'2025-05-21 19:38:49.037,108215.4,0.00628019,sell,740875894
'2025-05-21 19:38:49.037,108214.2,0.0013059,sell,740875895
'2025-05-21 19:38:49.037,108210,0.00080242,sell,740875898
'2025-05-21 19:38:49.224,108209.7,0.046,sell,740875899
'2025-05-21 19:38:49.230,108209.7,0.09095954,sell,740875900
'2025-05-21 19:38:49.230,108209.7,0.11454601,sell,740875901
'2025-05-21 19:38:49.231,108209.7,0.00954994,sell,740875902
'2025-05-21 19:38:49.232,108209.7,0.10238428,sell,740875903
'2025-05-21 19:38:49.232,108209.7,0.02362217,sell,740875904
'2025-05-21 19:38:49.233,108209.7,0.19418428,sell,740875905
'2025-05-21 19:38:49.233,108209.7,0.01333186,sell,740875906
'2025-05-21 19:38:49.234,108209.7,0.01587335,sell,740875907
'2025-05-21 19:38:49.234,108209.7,0.00803366,sell,740875908
'2025-05-21 19:38:49.263,108209.7,0.046,sell,740875909
'2025-05-21 19:38:49.265,108209.7,0.09735154,sell,740875910
'2025-05-21 19:38:49.266,108209.7,0.01214831,sell,740875911
'2025-05-21 19:38:49.266,108209.7,0.01307506,sell,740875912
'2025-05-21 19:38:49.275,108209.7,0.03535559,sell,740875914
'2025-05-21 19:38:49.287,108203.8,0.00315787,sell,740875915
'2025-05-21 19:38:49.287,108201.6,0.00096,sell,740875916
'2025-05-21 19:38:49.287,108200,0.00080242,sell,740875919
'2025-05-21 19:38:49.490,108196.1,0.00066346,buy,740875920
'2025-05-21 19:38:49.623,108196,0.00057824,sell,740875921
'2025-05-21 19:38:49.718,108196,0.00031567,sell,740875922
'2025-05-21 19:38:49.770,108196,0.06797074,sell,740875926
'2025-05-21 19:38:49.773,108195,0.00010325,sell,740875927
'2025-05-21 19:38:49.773,108192.5,0.00739387,sell,740875928
'2025-05-21 19:38:49.773,108192.2,0.00315861,sell,740875929
'2025-05-21 19:38:49.773,108190,0.00080242,sell,740875932
'2025-05-21 19:38:49.773,108189.5,0.00096,sell,740875933
'2025-05-21 19:38:49.773,108188.7,0.00855615,sell,740875934
'2025-05-21 19:38:49.773,108187.9,0.0432,sell,740875935
'2025-05-21 19:38:49.773,108185.2,0.00087986,sell,740875936
'2025-05-21 19:38:49.773,108185,0.0432,sell,740875937
'2025-05-21 19:38:49.773,108184.9,0.00738606,sell,740875938
'2025-05-21 19:38:49.773,108184.1,0.00187,sell,740875939
'2025-05-21 19:38:49.773,108183.6,0.03770234,sell,740875940
'2025-05-24 12:17:22.222,108750,0.09195402,buy,743378018
'2025-05-24 12:17:22.601,108749.9,0.00025296,sell,743378019
'2025-05-24 12:17:23.124,108750,0.01976786,buy,743378021
'2025-05-24 12:17:23.133,108751.2,0.02315715,buy,743378022
'2025-05-24 12:17:23.133,108751.6,0.0005,buy,743378023
'2025-05-24 12:17:23.133,108753.4,0.00398498,buy,743378024
'2025-05-24 12:17:23.133,108754.6,0.04279092,buy,743378025
'2025-05-24 12:17:23.133,108755.2,0.08,buy,743378026
'2025-05-24 12:17:23.183,108755.8,0.00551911,buy,743378030
'2025-05-24 12:17:23.600,108759.9,0.00247637,sell,743378031
'2025-05-24 12:17:23.662,108760,0.00046579,buy,743378034
'2025-05-24 12:17:23.663,108761.1,0.005,buy,743378035
'2025-05-24 12:17:24.402,108762,0.00109798,buy,743378038
'2025-05-24 12:17:24.403,108762,0.02399999,buy,743378039
'2025-05-24 12:17:24.415,108762.4,0.00125043,buy,743378040
'2025-05-24 12:17:25.452,108762.4,0.00026847,buy,743378041
'2025-05-24 12:17:25.601,108762.3,0.00037485,sell,743378042
'2025-05-24 12:17:25.919,108762.3,0.00027584,sell,743378043
'2025-05-24 12:17:26.066,108762.4,0.00091943,buy,743378044
'2025-05-24 12:17:27.543,108762.3,0.05361189,sell,743378045
'2025-05-24 12:17:27.706,108762.4,0.00186461,buy,743378046
'2025-05-24 12:17:28.269,108762.3,0.04946751,sell,743378050
'2025-05-24 12:17:29.034,108762.4,0.00011952,buy,743378051
'2025-05-24 12:17:30.844,108762.3,0.00001137,sell,743378052
'2025-05-24 12:17:31.112,108762.4,0.0003595,buy,743378054
'2025-05-24 12:17:31.162,108762.6,0.0000496,buy,743378055
'2025-05-24 12:17:31.162,108764,0.00050656,buy,743378056
'2025-05-24 12:17:31.162,108764.6,0.002,buy,743378057
'2025-05-24 12:17:31.261,108765.4,0.0402087,sell,743378058
'2025-05-24 12:17:31.308,108765.5,0.00029211,buy,743378059
'2025-05-24 12:17:31.862,108765.5,0.00322438,buy,743378062
'2025-05-24 12:17:31.932,108767.2,0.00077822,buy,743378063
'2025-05-24 12:17:31.932,108767.7,0.005,buy,743378064
'2025-05-24 12:17:32.088,108768.2,0.00101648,buy,743378065
'2025-05-24 12:17:32.962,108768.2,0.00063879,buy,743378067
'2025-05-24 12:17:33.325,108768.8,0.03091729,buy,743378070
'2025-05-24 12:17:33.332,108769.5,0.04,buy,743378071
'2025-05-24 12:17:33.332,108770,0.00001,buy,743378072
'2025-05-24 12:17:33.335,108770.6,0.00001,buy,743378073
'2025-05-24 12:17:33.403,108772.5,0.00473791,buy,743378075
'2025-05-24 12:17:33.403,108772.8,0.00024528,buy,743378076
'2025-05-24 12:17:33.517,108777.5,0.00248146,buy,743378078
'2025-05-24 12:17:33.517,108777.6,0.00200143,buy,743378079
'2025-05-24 12:17:33.517,108777.7,0.002,buy,743378080
'2025-05-24 12:17:33.517,108778,0.00050656,buy,743378081
'2025-05-24 12:17:33.517,108778.8,0.00001,buy,743378082
'2025-05-24 12:17:33.517,108779.1,0.20821173,buy,743378083
'2025-05-24 12:17:33.518,108779.1,0.01432503,buy,743378084
'2025-05-24 12:17:33.518,108779.1,0.138,buy,743378085
'2025-05-24 12:17:33.518,108779.1,0.0002,buy,743378086
'2025-05-24 12:17:33.518,108779.1,0.01660921,buy,743378087
'2025-05-24 12:17:33.533,108780,0.00030609,buy,743378090
'2025-05-24 12:17:33.541,108780.7,0.005,buy,743378091
'2025-05-24 12:17:33.553,108782,0.00006,buy,743378092
'2025-05-24 12:17:33.682,108784.9,0.10555,sell,743378098
'2025-05-24 12:17:33.836,108784.9,0.0008,sell,743378099
'2025-05-24 12:17:33.932,108785,0.00229865,buy,743378100
'2025-05-24 12:17:34.289,108787,0.06953758,buy,743378103
'2025-05-24 12:17:34.292,108789.7,0.00200109,buy,743378104
'2025-05-24 12:17:34.292,108790,0.00001,buy,743378105
'2025-05-24 12:17:34.292,108792,0.00151986,buy,743378107
'2025-05-24 12:17:34.292,108793.2,0.00093,buy,743378108
'2025-05-24 12:17:34.292,108793.8,0.00735311,buy,743378109
'2025-05-24 12:17:34.353,108795.4,0.00386452,buy,743378110
'2025-05-24 12:17:34.353,108796.2,0.00231077,buy,743378111
'2025-05-24 12:17:34.426,108799.9,0.04144597,sell,743378112
'2025-05-24 12:17:34.608,108800,0.00073529,buy,743378116
'2025-05-24 12:17:34.621,108800,0.00004595,buy,743378117
'2025-05-24 12:17:34.690,108799.9,0.000097,sell,743378118
'2025-05-24 12:17:37.365,108800,0.02817338,buy,743378123
'2025-05-24 12:17:37.474,108800.9,0.00316517,sell,743378126
'2025-05-24 12:17:37.474,108800,0.01154156,sell,743378128
'2025-05-24 12:17:37.474,108799.9,0.00114857,sell,743378129
'2025-05-24 12:17:37.544,108797.6,0.11572832,sell,743378133
'2025-05-24 12:17:37.683,108796,0.00001111,sell,743378134
'2025-05-24 12:17:38.652,108796,0.00010162,sell,743378135
'2025-05-24 12:17:38.682,108796,0.0183,sell,743378137
'2025-05-24 12:17:40.618,108796.1,0.00038566,buy,743378138
'2025-05-24 12:17:42.312,108796.1,0.0306776,buy,743378145
'2025-05-24 12:17:44.158,108797,0.00046,sell,743378146
'2025-05-24 12:17:44.160,108797,0.00046,sell,743378147
'2025-05-24 12:17:44.160,108797,0.08110008,sell,743378149
'2025-05-24 12:17:44.160,108797,0.0690672,sell,743378150
'2025-05-24 12:17:44.160,108797,0.00046,sell,743378151
'2025-05-24 12:17:44.161,108797,0.01758927,sell,743378152
'2025-05-24 12:17:44.161,108797,0.00565465,sell,743378155
'2025-05-24 12:17:44.161,108795.6,0.0285,sell,743378156
'2025-05-24 12:17:44.161,108794.7,0.005,sell,743378157
'2025-05-24 12:17:44.161,108791.3,0.00001,sell,743378158
'2025-05-24 12:17:44.161,108790.2,0.00043797,sell,743378159
'2025-05-24 12:17:44.161,108790.1,0.04275,sell,743378160
'2025-05-24 12:17:44.161,108790,0.00001,sell,743378161
'2025-05-24 12:17:44.161,108789.7,0.00398445,sell,743378162
'2025-05-24 12:17:44.161,108789.4,0.00311405,sell,743378164
'2025-05-24 12:17:44.161,108789,0.01681318,sell,743378165
'2025-05-24 12:17:44.162,108789,0.01968301,sell,743378166
'2025-05-24 12:17:44.162,108789,0.02384381,sell,743378167
'2025-05-24 12:17:44.162,108788.9,0.00002,sell,743378168
'2025-05-24 12:17:44.162,108787.8,0.0009,sell,743378169
'2025-05-24 12:17:44.162,108787.2,0.00001,sell,743378170
'2025-05-24 12:17:44.162,108786.7,0.02687766,sell,743378171
'2025-05-24 12:17:44.162,108784.5,0.002,sell,743378172
'2025-05-24 12:17:44.162,108783.7,0.00035064,sell,743378173
'2025-05-24 12:17:44.162,108783.7,0.02652777,sell,743378174
'2025-05-24 12:17:44.162,108783.6,0.00372878,sell,743378175
'2025-05-24 12:17:44.162,108783.1,0.00001,sell,743378176
'2025-05-24 12:17:44.162,108782.7,0.02020155,sell,743378177
'2025-05-24 12:17:44.162,108782.7,0.03160528,sell,743378178
'2025-05-24 12:17:44.162,108782.4,0.00182,sell,743378179
'2025-05-24 12:17:44.162,108781.7,0.00466793,sell,743378180
'2025-05-24 12:17:44.163,108781.7,0.00033207,sell,743378181
'2025-05-24 12:17:44.163,108780.3,0.00368153,sell,743378182
'2025-05-24 12:17:44.163,108780,0.00030609,sell,743378185
'2025-05-24 12:17:44.163,108779.5,0.00002,sell,743378186
'2025-05-24 12:17:44.163,108778.9,0.00001,sell,743378187
'2025-05-24 12:17:44.163,108778.6,0.00735294,sell,743378188
'2025-05-24 12:17:44.163,108778,0.00050656,sell,743378189
'2025-05-24 12:17:44.163,108777.9,0.00543732,sell,743378190
'2025-05-24 12:17:44.163,108777.9,0.03373935,sell,743378191
'2025-05-24 12:17:44.163,108777,0.00182,sell,743378192
'2025-05-24 12:17:44.163,108776.8,0.00181103,sell,743378194
'2025-05-24 12:17:44.165,108783.3,0.0489,sell,743378195
'2025-05-24 12:17:44.165,108783.3,0.0385,sell,743378196
'2025-05-24 12:17:44.166,108783.3,0.01927,sell,743378197
'2025-05-24 12:17:44.173,108777,0.00068898,sell,743378198
'2025-05-24 12:17:44.176,108777,0.0006,sell,743378199
'2025-05-24 12:17:44.177,108777,0.00066887,sell,743378200
'2025-05-24 12:17:44.177,108776.8,0.00003011,sell,743378201
'2025-05-24 12:17:44.181,108776.8,0.00065886,sell,743378202
'2025-05-24 12:17:44.181,108774.8,0.00001,sell,743378203
'2025-05-24 12:17:44.183,108772.4,0.00002,sell,743378204
'2025-05-24 12:17:44.183,108770.8,0.00377481,sell,743378205
'2025-05-24 12:17:44.183,108770.7,0.00001,sell,743378206
'2025-05-24 12:17:44.183,108770,0.00001,sell,743378207
'2025-05-24 12:17:44.183,108768.2,0.00224436,sell,743378208
'2025-05-24 12:17:44.183,108766.5,0.00001,sell,743378209
'2025-05-24 12:17:44.183,108765.4,0.00021899,sell,743378210
'2025-05-24 12:17:44.183,108764,0.00050656,sell,743378211
'2025-05-24 12:17:44.183,108762.4,0.00001,sell,743378212
'2025-05-24 12:17:44.183,108761,0.00210211,sell,743378213
'2025-05-24 12:17:44.183,108760.8,0.000015,sell,743378214
'2025-05-24 12:17:44.183,108760.2,0.07107817,sell,743378215
'2025-05-24 12:17:44.202,108760.3,0.00046,buy,743378216
'2025-05-24 12:17:44.345,108760.3,0.0002,buy,743378218
'2025-05-24 12:17:44.665,108760.3,0.03,buy,743378219
'2025-05-24 12:17:47.804,108760.3,0.00001498,buy,743378220
'2025-05-24 12:17:47.804,108760.3,0.00001498,buy,743378221
'2025-05-24 12:17:47.804,108760.3,0.00001498,buy,743378222
'2025-05-24 12:17:47.804,108760.3,0.00001498,buy,743378223
'2025-05-24 12:17:47.804,108760.3,0.00001498,buy,743378224
'2025-05-24 12:17:47.804,108760.3,0.00001498,buy,743378225
'2025-05-24 12:17:47.804,108760.3,0.00001498,buy,743378226
'2025-05-24 12:17:47.804,108760.3,0.00001498,buy,743378227
'2025-05-24 12:17:47.804,108760.3,0.00001498,buy,743378228
'2025-05-24 12:17:47.804,108760.3,0.00001498,buy,743378229
'2025-05-24 12:17:47.804,108760.3,0.00001498,buy,743378230
'2025-05-24 12:17:47.805,108760.3,0.00001498,buy,743378231
'2025-05-24 12:17:47.805,108760.3,0.00001498,buy,743378233
'2025-05-24 12:17:47.805,108760.3,0.00001498,buy,743378234
'2025-05-24 12:17:47.805,108760.3,0.00001498,buy,743378235
'2025-05-24 12:17:47.805,108760.3,0.00001498,buy,743378236
'2025-05-24 12:17:47.805,108760.3,0.00001498,buy,743378237
'2025-05-24 12:17:47.805,108760.3,0.00001498,buy,743378238
'2025-05-24 12:17:47.805,108760.3,0.00001498,buy,743378239
'2025-05-24 12:17:47.805,108760.3,0.00001498,buy,743378240
'2025-05-24 12:17:47.805,108760.3,0.00001498,buy,743378241
'2025-05-24 12:17:47.805,108760.3,0.00001498,buy,743378242
'2025-05-24 12:17:47.805,108760.3,0.00001498,buy,743378243
'2025-05-24 12:17:47.805,108760.3,0.00001498,buy,743378244
'2025-05-24 12:17:47.805,108760.3,0.00001498,buy,743378245
'2025-05-24 12:17:47.805,108760.3,0.00001498,buy,743378246
'2025-05-24 12:17:47.805,108760.3,0.00001498,buy,743378247
'2025-05-24 12:17:47.805,108760.3,0.00001498,buy,743378248
'2025-05-24 12:17:47.805,108760.3,0.00001498,buy,743378249
'2025-05-24 12:17:47.805,108760.3,0.00001498,buy,743378250
'2025-05-24 12:17:47.805,108760.3,0.00001498,buy,743378251
'2025-05-24 12:17:47.805,108760.3,0.00001498,buy,743378252
'2025-05-24 12:17:47.805,108760.3,0.00001498,buy,743378253
'2025-05-24 12:17:47.805,108760.3,0.00001498,buy,743378254
'2025-05-24 12:17:47.805,108760.3,0.00001498,buy,743378255
'2025-05-24 12:17:47.805,108760.3,0.00001498,buy,743378256
'2025-05-24 12:17:47.805,108760.3,0.00001498,buy,743378257
'2025-05-24 12:17:47.805,108760.3,0.00001498,buy,743378258
'2025-05-24 12:17:47.805,108760.3,0.00001498,buy,743378259
'2025-05-24 12:17:47.805,108760.3,0.00001498,buy,743378260
'2025-05-24 12:17:47.805,108760.3,0.00001498,buy,743378261
'2025-05-24 12:17:47.805,108760.3,0.00001498,buy,743378262
'2025-05-24 12:17:48.224,108760.3,0.07347803,buy,743378264
'2025-05-24 12:17:48.229,108760.4,0.01162159,buy,743378265
'2025-05-24 12:17:48.662,108763.4,0.00018,buy,743378266
'2025-05-24 12:17:49.313,108765.3,0.0729567,sell,743378270
'2025-05-24 12:17:50.707,108765.4,0.00024916,buy,743378271
'2025-05-24 12:17:53.658,108765.3,0.00001137,sell,743378272
'2025-05-24 12:17:53.931,108765.4,0.00002758,buy,743378273
'2025-05-24 12:17:54.043,108765.4,0.0053019,buy,743378275
'2025-05-24 12:17:54.043,108769.1,0.00229806,buy,743378276
'2025-05-24 12:17:54.043,108770,0.00001,buy,743378277
'2025-05-24 12:17:54.043,108770.1,0.00227078,buy,743378278
'2025-05-24 12:17:54.043,108770.5,0.0005,buy,743378279
'2025-05-24 12:17:54.043,108770.6,0.00001,buy,743378280
'2025-05-24 12:17:54.043,108771.6,0.00261192,buy,743378284
'2025-05-24 12:17:54.103,108772,0.0005,buy,743378285
'2025-05-24 12:17:54.104,108774.7,0.00001,buy,743378286
'2025-05-24 12:17:54.420,108775.9,0.2,sell,743378292
'2025-05-24 12:17:54.942,108776,0.00125018,buy,743378294
'2025-05-24 12:17:55.077,108776.2,0.00026681,buy,743378296
'2025-05-24 12:17:55.081,108778,0.00050656,buy,743378297
'2025-05-24 12:17:55.081,108778.8,0.00001,buy,743378298
'2025-05-24 12:17:55.084,108780,0.00002,buy,743378300
'2025-05-24 12:17:55.113,108787.1,0.005,buy,743378301
'2025-05-24 12:17:55.113,108787.2,0.006,buy,743378302
'2025-05-24 12:17:55.197,108788.4,0.00001137,sell,743378303
'2025-05-24 12:17:55.272,108788.4,0.00091867,sell,743378304
'2025-05-24 12:17:55.953,108788.9,0.00601924,buy,743378306
'2025-05-24 12:17:55.953,108789.7,0.0039844,buy,743378307
'2025-05-24 12:17:55.953,108789.9,0.002,buy,743378308
'2025-05-24 12:17:55.953,108790,0.00001,buy,743378309
'2025-05-24 12:17:55.973,108792,0.00050657,buy,743378311
'2025-05-24 12:17:55.973,108792,0.051988,buy,743378312
'2025-05-24 12:17:55.976,108792,0.00050657,buy,743378313
'2025-05-24 12:17:55.980,108792,0.00050657,buy,743378314
'2025-05-24 12:17:56.003,108792,0.00339885,buy,743378315
'2025-05-24 12:17:58.584,108792.5,0.03,sell,743378316
'2025-05-24 12:17:59.302,108792.5,0.05977512,sell,743378318
'2025-05-24 12:17:59.302,108792.5,0.16,sell,743378321
'2025-05-24 12:17:59.303,108792.5,0.00004597,sell,743378322
'2025-05-24 12:17:59.305,108790.2,0.002,sell,743378323
'2025-05-24 12:17:59.305,108790,0.00001,sell,743378324
'2025-05-24 12:17:59.305,108789.7,0.0039844,sell,743378325
'2025-05-24 12:17:59.307,108786.5,0.005,sell,743378326
'2025-05-24 12:17:59.307,108784.6,0.00010949,sell,743378327
'2025-05-24 12:17:59.307,108784.5,0.00579051,sell,743378328
'2025-05-24 12:17:59.343,108784.5,0.02599122,sell,743378330
'2025-05-24 12:17:59.343,108784.4,0.00002,sell,743378331
'2025-05-24 12:17:59.344,108780.8,0.02625505,sell,743378332
'2025-05-24 12:17:59.346,108780.8,0.00160099,sell,743378333
'2025-05-24 12:17:59.346,108780,0.00002,sell,743378335
'2025-05-24 12:17:59.346,108778.8,0.04141059,sell,743378336
'2025-05-24 12:17:59.346,108778.3,0.00002,sell,743378337
'2025-05-24 12:17:59.348,108778,0.00050656,sell,743378338
'2025-05-24 12:17:59.348,108777.6,0.00200107,sell,743378339
'2025-05-24 12:17:59.348,108777.5,0.02121426,sell,743378340
'2025-05-24 12:17:59.349,108777.5,0.00594574,sell,743378341
'2025-05-24 12:17:59.351,108777.1,0.002,sell,743378342
'2025-05-24 12:17:59.363,108774.8,0.00001,sell,743378343
'2025-05-24 12:17:59.386,108773.5,0.00761885,sell,743378346
'2025-05-24 12:17:59.404,108771.9,0.00002,sell,743378347
'2025-05-24 12:17:59.404,108771.1,0.00004826,sell,743378348
'2025-05-24 12:17:59.404,108770,0.00001,sell,743378349
'2025-05-24 12:17:59.444,108767.7,0.00328004,sell,743378351
'2025-05-24 12:17:59.453,108765.5,0.00200157,sell,743378352
'2025-05-24 12:17:59.513,108764.1,0.01251,buy,743378354
'2025-05-24 12:18:02.097,108764,0.00001137,sell,743378355
'2025-05-24 12:18:02.676,108764,0.00001137,sell,743378356
'2025-05-24 12:18:03.213,108764.1,0.00022597,buy,743378358
'2025-05-24 12:18:03.213,108765.5,0.00398474,buy,743378359
'2025-05-24 12:18:03.233,108770,0.00001,buy,743378360
'2025-05-24 12:18:03.233,108770.2,0.0005,buy,743378361
'2025-05-24 12:18:04.443,108771.3,0.00018,buy,743378362
'2025-05-24 12:18:04.452,108774.4,0.0005,buy,743378363
'2025-05-24 12:18:04.452,108774.7,0.00001,buy,743378364
'2025-05-24 12:18:04.603,108774.9,0.09466681,buy,743378365
'2025-05-24 12:18:04.653,108774.9,0.00044586,buy,743378366
'2025-05-24 12:18:04.662,108777.6,0.00200148,buy,743378367
'2025-05-24 12:18:04.662,108778.8,0.00001,buy,743378368
'2025-05-24 12:18:04.673,108780,0.00002,buy,743378370
'2025-05-24 12:18:04.673,108780.2,0.0073544,buy,743378371
'2025-05-24 12:18:04.693,108783,0.00001,buy,743378372
'2025-05-24 12:18:04.693,108784.4,0.00000001,buy,743378373
'2025-05-24 12:18:04.853,108785.4,0.00516572,buy,743378374
'2025-05-24 12:18:06.197,108786.5,0.04378444,buy,743378378
'2025-05-24 12:18:06.224,108788.6,0.0009616,buy,743378379
'2025-05-24 12:18:06.224,108789.7,0.00200109,buy,743378380
'2025-05-24 12:18:06.224,108790,0.00001,buy,743378381
'2025-05-24 12:18:06.224,108790.5,0.02918335,buy,743378382
'2025-05-24 12:18:06.224,108791.2,0.00001,buy,743378383
'2025-05-24 12:18:06.224,108792,0.00050656,buy,743378384
'2025-05-24 12:18:06.243,108792.2,0.00165728,buy,743378385
'2025-05-24 12:18:06.253,108794.7,0.00230614,buy,743378386
'2025-05-24 12:18:06.263,108794.9,0.007,buy,743378387
'2025-05-24 12:18:06.773,108796,0.003,buy,743378388
'2025-05-24 12:18:07.325,108796,0.00007996,buy,743378389
'2025-05-24 12:18:09.260,108795.9,0.00001112,sell,743378390
'2025-05-24 12:18:10.355,108795.9,0.00018161,sell,743378391
'2025-05-24 12:18:10.523,108795.9,0.0008446,sell,743378394
'2025-05-24 12:18:10.560,108790,0.00109984,sell,743378398
'2025-05-24 12:18:10.560,108789.7,0.00398445,sell,743378399
'2025-05-24 12:18:10.573,108788.4,0.00002,sell,743378400
'2025-05-24 12:18:10.928,108786.1,0.00009191,buy,743378401
'2025-05-24 12:18:12.200,108786,0.15589173,sell,743378405
'2025-05-24 12:18:12.303,108784.5,0.00070278,sell,743378406
'2025-05-24 12:18:13.783,108780.5,0.00251515,buy,743378407
'2025-05-24 12:18:15.013,108780.4,0.00105856,sell,743378408
'2025-05-24 12:18:15.822,108780.4,0.00188813,sell,743378409
'2025-05-24 12:18:15.822,108780,0.00002,sell,743378411
'2025-05-24 12:18:16.802,108778.2,0.00022596,buy,743378413
'2025-05-24 12:18:16.802,108779.4,0.0005,buy,743378414
'2025-05-24 12:18:16.911,108779.8,0.02893532,buy,743378416
'2025-05-24 12:18:16.911,108780,0.00002,buy,743378418
'2025-05-24 12:18:16.923,108782.4,0.00038633,buy,743378419
'2025-05-24 12:18:16.923,108782.7,0.00012368,buy,743378420
'2025-05-24 12:18:16.926,108782.7,0.00037632,buy,743378421
'2025-05-24 12:18:16.926,108785.2,0.00169723,buy,743378422
'2025-05-24 12:18:17.185,108785.3,0.00044816,sell,743378424
'2025-05-24 12:18:18.667,108785.3,0.00030431,sell,743378425
'2025-05-24 12:18:19.817,108785.4,0.13609627,buy,743378426
'2025-05-24 12:18:19.817,108785.4,0.13335978,buy,743378427
'2025-05-24 12:18:19.817,108785.4,0.04310756,buy,743378428
'2025-05-24 12:18:19.817,108785.4,0.03523454,buy,743378429
'2025-05-24 12:18:19.819,108785.4,0.001,buy,743378430
'2025-05-24 12:18:19.853,108785.4,0.26645834,buy,743378434
'2025-05-24 12:18:19.863,108787.6,0.00599051,buy,743378436
'2025-05-24 12:18:19.863,108789.7,0.0039844,buy,743378437
'2025-05-24 12:18:19.863,108790,0.00001,buy,743378438
'2025-05-24 12:18:19.863,108791.2,0.00001,buy,743378439
'2025-05-24 12:18:23.043,108795.6,0.00386277,buy,743378441
'2025-05-24 12:18:23.043,108797.7,0.00004826,buy,743378442
'2025-05-24 12:18:23.043,108797.8,0.002,buy,743378443
'2025-05-24 12:18:24.993,108799.9,0.14070059,buy,743378448
'2025-05-24 12:18:24.993,108800,0.03917751,buy,743378452
'2025-05-24 12:18:24.993,108800.1,0.005,buy,743378453
'2025-05-24 12:18:24.995,108800.6,0.005,buy,743378454
'2025-05-24 12:18:24.995,108801.8,0.00200081,buy,743378455
'2025-05-24 12:18:24.995,108802.5,0.03321895,buy,743378456
'2025-05-24 12:18:24.995,108802.5,0.00678105,buy,743378457
'2025-05-24 12:18:24.995,108803.3,0.02466124,buy,743378458
'2025-05-24 12:18:24.996,108803.6,0.00001,buy,743378459
'2025-05-24 12:18:24.996,108805.7,0.00231296,buy,743378460
'2025-05-24 12:18:24.996,108806,0.00050656,buy,743378461
'2025-05-24 12:18:24.996,108806.2,0.009358,buy,743378462
'2025-05-24 12:18:24.996,108806.3,0.00084866,buy,743378463
'2025-05-24 12:18:24.996,108807,0.03852312,buy,743378464
'2025-05-24 12:18:24.996,108807.8,0.00001,buy,743378465
'2025-05-24 12:18:24.996,108808.1,0.00093,buy,743378466
'2025-05-24 12:18:24.996,108810,0.00201,buy,743378469
'2025-05-24 12:18:24.996,108810.4,0.01354267,buy,743378471
'2025-05-24 12:18:25.004,108810.9,0.002,buy,743378472
'2025-05-24 12:18:25.074,108811.9,0.0055,buy,743378473
'2025-05-24 12:18:25.074,108811.9,0.00000872,buy,743378474
'2025-05-24 12:18:25.074,108813.1,0.005,buy,743378475
'2025-05-24 12:18:25.074,108813.9,0.00200043,buy,743378476
'2025-05-24 12:18:25.074,108814.3,0.0105007,buy,743378477
'2025-05-24 12:18:25.074,108814.4,0.00001136,buy,743378478
'2025-05-24 12:18:25.074,108814.8,0.00001136,buy,743378479
'2025-05-24 12:18:25.074,108815.3,0.07855426,buy,743378480
'2025-05-24 12:18:25.074,108815.7,0.0022,buy,743378481
'2025-05-24 12:18:25.074,108816.8,0.00001136,buy,743378482
'2025-05-24 12:18:25.074,108817.6,0.00432302,buy,743378483
'2025-05-24 12:18:25.113,108820,0.00080265,buy,743378486
'2025-05-24 12:18:25.113,108822,0.00000001,buy,743378487
'2025-05-24 12:18:25.118,108822,0.00080266,buy,743378488
'2025-05-24 12:18:25.165,108823.2,0.00229816,buy,743378489
'2025-05-24 12:18:25.165,108824,0.00001137,buy,743378490
'2025-05-24 12:18:25.168,108824,0.00001137,buy,743378491
'2025-05-24 12:18:25.171,108824,0.00001137,buy,743378492
'2025-05-24 12:18:25.270,108823.9,0.06570435,sell,743378493
'2025-05-24 12:18:25.863,108824,0.00042591,buy,743378495
'2025-05-24 12:18:25.863,108824.4,0.00001136,buy,743378496
'2025-05-24 12:18:25.863,108826,0.00200009,buy,743378497
'2025-05-24 12:18:25.903,108830,0.00001,buy,743378498
'2025-05-24 12:18:25.933,108833.3,0.00006548,buy,743378499
'2025-05-24 12:18:25.933,108833.4,0.0001375,buy,743378500
'2025-05-24 12:18:25.933,108834,0.00050656,buy,743378501
'2025-05-24 12:18:25.933,108835.6,0.0001375,buy,743378502
'2025-05-24 12:18:26.073,108836,0.01126626,buy,743378504
'2025-05-24 12:18:26.073,108836.7,0.00001,buy,743378505
'2025-05-24 12:18:26.163,108837.5,0.00069014,buy,743378506
'2025-05-24 12:18:26.163,108838.1,0.00199976,buy,743378507
'2025-05-24 12:18:26.163,108840,0.00033785,buy,743378511
'2025-05-24 12:18:26.163,108842.8,0.00001136,buy,743378512
'2025-05-24 12:18:26.163,108844.2,0.00377478,buy,743378513
'2025-05-24 12:18:26.183,108845,0.00001,buy,743378514
'2025-05-24 12:18:26.183,108846.8,0.00093001,buy,743378515
'2025-05-24 12:18:26.323,108846.7,0.00090364,sell,743378518
'2025-05-24 12:18:26.343,108842,0.0569,sell,743378520
'2025-05-24 12:18:26.343,108840,0.004648,sell,743378523
'2025-05-24 12:18:26.842,108840.1,0.00068,buy,743378525
'2025-05-24 12:18:27.541,108841.4,0.00011431,sell,743378526
'2025-05-24 12:18:28.313,108841.5,0.00018,buy,743378527
'2025-05-24 12:18:28.313,108845.3,0.0005,buy,743378528
'2025-05-24 12:18:28.544,108845.8,0.00002441,buy,743378529
'2025-05-24 12:18:29.117,108848,0.00579339,buy,743378531
'2025-05-24 12:18:29.218,108847.9,0.00259892,sell,743378532
'2025-05-24 12:18:29.861,108847.9,0.00290826,sell,743378535
'2025-05-24 12:18:29.861,108847.6,0.01007056,sell,743378536
'2025-05-24 12:18:29.861,108845.6,0.005,sell,743378537
'2025-05-24 12:18:29.861,108845.5,0.0005,sell,743378538
'2025-05-24 12:18:31.857,108841.4,0.00002769,sell,743378539
'2025-05-24 12:18:33.309,108841.4,0.00005505,sell,743378540
'2025-05-24 12:18:35.048,108841.4,0.009,sell,743378543
'2025-05-24 12:18:35.647,108840,0.00002,sell,743378545
'2025-05-24 12:18:35.647,108838.2,0.0005,sell,743378546
'2025-05-24 12:18:35.647,108838.1,0.00398347,sell,743378547
'2025-05-24 12:18:35.647,108837.7,0.0025393,sell,743378548
'2025-05-24 12:18:35.650,108837.7,0.0024607,sell,743378549
'2025-05-24 12:18:35.650,108836.2,0.00004823,sell,743378550
'2025-05-24 12:18:35.650,108834,0.00050656,sell,743378551
'2025-05-24 12:18:35.650,108833.8,0.0009,sell,743378552
'2025-05-24 12:18:35.650,108833.5,0.00363667,sell,743378553
'2025-05-24 12:18:35.650,108833,0.00163475,sell,743378554
'2025-05-24 12:18:35.728,108832.6,0.01418607,sell,743378556
'2025-05-24 12:18:35.733,108830,0.00001,sell,743378557
'2025-05-24 12:18:35.733,108826,0.00199976,sell,743378559
'2025-05-24 12:18:35.735,108826,0.00001137,sell,743378560
'2025-05-24 12:18:35.738,108826,0.00199976,sell,743378561
'2025-05-24 12:18:35.742,108826,0.00199976,sell,743378562
'2025-05-24 12:18:35.813,108826,0.00175397,sell,743378563
'2025-05-24 12:18:35.833,108824.7,0.00559888,sell,743378565
'2025-05-24 12:18:36.487,108824.4,0.02596384,buy,743378567
'2025-05-24 12:18:37.356,108824.4,0.00441353,buy,743378568
'2025-05-24 12:18:37.482,108824.3,0.00018414,sell,743378569
'2025-05-24 12:18:37.628,108822,0.00607359,sell,743378571
'2025-05-24 12:18:37.633,108820.2,0.00004824,sell,743378572
'2025-05-24 12:18:37.633,108820,0.00080265,sell,743378575
'2025-05-24 12:18:37.633,108816.6,0.00132763,sell,743378576
'2025-05-24 12:18:37.643,108813.9,0.00200022,sell,743378577
'2025-05-24 12:18:37.664,108811.7,0.00002,sell,743378578
'2025-05-24 12:18:37.664,108811.6,0.00002,sell,743378579
'2025-05-24 12:18:37.664,108810,0.00001,sell,743378580
'2025-05-24 12:18:37.707,108809.1,0.13139943,buy,743378587
'2025-05-24 12:18:37.735,108809,0.005,sell,743378588
'2025-05-24 12:18:37.743,108808.5,0.00004595,sell,743378589
'2025-05-24 12:18:37.743,108806,0.00050657,sell,743378591
'2025-05-24 12:18:37.747,108806,0.00055252,sell,743378592
'2025-05-24 12:18:37.751,108806,0.00050657,sell,743378593
'2025-05-24 12:18:37.957,108805.5,0.06949,buy,743378595
'2025-05-24 12:18:38.458,108805.5,0.0000762,buy,743378596
'2025-05-24 12:18:39.254,108805.4,0.0001194,sell,743378597
'2025-05-24 12:18:41.772,108805.4,0.01069323,sell,743378601
'2025-05-24 12:18:41.772,108804.2,0.00004825,sell,743378602
'2025-05-24 12:18:41.772,108803.1,0.005,sell,743378603
'2025-05-24 12:18:41.782,108801.8,0.00200056,sell,743378604
'2025-05-24 12:18:41.782,108800,0.00032785,sell,743378607
'2025-05-24 12:18:41.843,108793.7,0.0054131,sell,743378608
'2025-05-24 12:18:41.843,108792,0.00050656,sell,743378609
'2025-05-24 12:18:41.877,108790.2,0.07106596,buy,743378612
'2025-05-24 12:18:41.950,108790.1,0.005,sell,743378613
'2025-05-24 12:18:41.950,108790,0.00001,sell,743378614
'2025-05-24 12:18:41.963,108789.7,0.0020009,sell,743378615
'2025-05-24 12:18:42.818,108784.1,0.03317337,buy,743378618
'2025-05-24 12:18:42.818,108784.1,0.0037596,buy,743378620
'2025-05-24 12:18:42.818,108785,0.02703619,buy,743378621
'2025-05-24 12:18:42.823,108789.7,0.00398425,buy,743378622
'2025-05-24 12:18:42.823,108790,0.00001,buy,743378623
'2025-05-24 12:18:42.833,108790.4,0.0005,buy,743378624
'2025-05-24 12:18:43.162,108796.9,0.00007257,sell,743378625
'2025-05-24 12:18:43.233,108796.9,0.0005,sell,743378626
'2025-05-24 12:18:43.272,108794.1,0.01039897,sell,743378627
'2025-05-24 12:18:43.276,108790,0.00001,sell,743378628
'2025-05-24 12:18:43.276,108789.7,0.00398439,sell,743378629
'2025-05-24 12:18:43.280,108788.7,0.0009,sell,743378630
'2025-05-24 12:18:43.280,108788.6,0.00002,sell,743378631
'2025-05-24 12:18:43.280,108786.4,0.00335726,sell,743378632
'2025-05-24 12:18:43.293,108785.9,0.0009,sell,743378633
'2025-05-24 12:18:43.293,108783.2,0.00002,sell,743378634
'2025-05-24 12:18:43.369,108781.8,0.00147,buy,743378636
'2025-05-24 12:18:44.056,108781.8,0.00001,buy,743378637
'2025-05-24 12:18:44.906,108781.8,0.05336577,buy,743378641
'2025-05-24 12:18:44.907,108781.8,0.01698668,buy,743378642
'2025-05-24 12:18:44.907,108781.8,0.03374334,buy,743378643
'2025-05-24 12:18:44.907,108782.7,0.03128292,buy,743378644
'2025-05-24 12:18:44.913,108783.8,0.0005,buy,743378645
'2025-05-24 12:18:44.973,108789.7,0.00398439,buy,743378646
'2025-05-24 12:18:44.973,108790,0.00001,buy,743378647
'2025-05-24 12:18:45.307,108796,0.00063605,buy,743378648
'2025-05-24 12:18:45.333,108799.5,0.00001,buy,743378649
'2025-05-24 12:18:46.573,108800,0.00590685,buy,743378651
'2025-05-24 12:18:46.573,108800.1,0.00002961,buy,743378652
'2025-05-24 12:18:46.573,108801.8,0.00200081,buy,743378653
'2025-05-24 12:18:46.583,108803,0.00200001,buy,743378655
'2025-05-24 12:18:46.591,108803,0.00200001,buy,743378656
'2025-05-24 12:18:46.673,108802.9,0.00018717,sell,743378657
'2025-05-24 12:18:48.272,108802.9,0.0005,sell,743378658
'2025-05-24 12:18:48.533,108801.8,0.0039842,sell,743378659
'2025-05-24 12:18:48.533,108800,0.00001,sell,743378660
'2025-05-24 12:18:48.533,108799.5,0.005,sell,743378661
'2025-05-24 12:18:49.642,108796.1,0.00022595,buy,743378663
'2025-05-24 12:18:49.643,108798.2,0.0005,buy,743378664
'2025-05-24 12:18:50.549,108799.9,0.00046,sell,743378665
'2025-05-24 12:18:50.553,108799.9,0.00046,sell,743378667
'2025-05-24 12:18:50.553,108799.9,0.00008595,sell,743378668
'2025-05-24 12:18:50.553,108797.2,0.02491228,sell,743378669
'2025-05-24 12:18:50.554,108797.2,0.00410812,sell,743378670
'2025-05-24 12:18:50.554,108796,0.10233754,sell,743378672
'2025-05-24 12:18:50.554,108796,0.02279573,sell,743378673
'2025-05-24 12:18:50.554,108796,0.02182612,sell,743378674
'2025-05-24 12:18:50.554,108796,0.00197395,sell,743378675
'2025-05-24 12:18:50.554,108796,0.00414235,sell,743378676
'2025-05-24 12:18:50.554,108796,0.00776864,sell,743378677
'2025-05-24 12:18:50.554,108796,0.04506904,sell,743378678
'2025-05-24 12:18:50.554,108796,0.01534345,sell,743378679
'2025-05-24 12:18:50.554,108796,0.01494852,sell,743378680
'2025-05-24 12:18:50.554,108796,0.01786047,sell,743378681
'2025-05-24 12:18:50.554,108796,0.00292201,sell,743378682
'2025-05-24 12:18:50.554,108796,0.01130699,sell,743378683
'2025-05-24 12:18:50.554,108796,0.00490094,sell,743378684
'2025-05-24 12:18:50.555,108796,0.01704191,sell,743378685
'2025-05-24 12:18:50.555,108796,0.01608981,sell,743378686
'2025-05-24 12:18:50.555,108796,0.12125947,sell,743378687
'2025-05-24 12:18:50.555,108796,0.01519158,sell,743378688
'2025-05-24 12:18:50.555,108796,0.01682996,sell,743378690
'2025-05-24 12:18:50.555,108794.8,0.00614597,sell,743378691
'2025-05-24 12:18:50.555,108794.8,0.00993594,sell,743378692
'2025-05-24 12:18:50.555,108794.8,0.01293911,sell,743378693
'2025-05-24 12:18:50.555,108791.7,0.0009,sell,743378694
'2025-05-24 12:18:50.556,108790,0.00001,sell,743378695
'2025-05-24 12:18:50.556,108789.7,0.00200075,sell,743378696
'2025-05-24 12:18:50.556,108789.6,0.00002,sell,743378697
'2025-05-24 12:18:50.556,108789.1,0.00066381,sell,743378698
'2025-05-24 12:18:50.556,108788.2,0.00004825,sell,743378699
'2025-05-24 12:18:50.556,108787.5,0.00066381,sell,743378700
'2025-05-24 12:18:50.556,108787.3,0.00846044,sell,743378701
'2025-05-24 12:18:50.556,108787.3,0.0017633,sell,743378702
'2025-05-24 12:18:50.556,108787.2,0.00003,sell,743378704
'2025-05-24 12:18:50.556,108786.9,0.00002,sell,743378706
'2025-05-24 12:18:50.556,108786.5,0.005,sell,743378707
'2025-05-24 12:18:50.556,108786.3,0.00182,sell,743378708
'2025-05-24 12:18:50.556,108786,0.0023667,sell,743378709
'2025-05-24 12:18:50.556,108786,0.00937164,sell,743378710
'2025-05-24 12:18:50.574,108783.1,0.00201001,sell,743378712
'2025-05-24 12:18:50.575,108783.1,0.00373873,sell,743378713
'2025-05-24 12:18:50.578,108781.7,0.002,sell,743378714
'2025-05-24 12:18:50.578,108780,0.0003161,sell,743378718
'2025-05-24 12:18:50.583,108778.5,0.00002,sell,743378719
'2025-05-24 12:18:51.690,108778,0.00046,sell,743378720
'2025-05-24 12:18:51.693,108778,0.00646962,sell,743378724
'2025-05-24 12:18:51.693,108777.8,0.09206344,sell,743378725
'2025-05-24 12:18:51.693,108777.8,0.02817426,sell,743378726
'2025-05-24 12:18:51.693,108777.8,0.06245761,sell,743378727
'2025-05-24 12:18:51.693,108777.8,0.0287088,sell,743378728
'2025-05-24 12:18:51.693,108777.8,0.01507132,sell,743378729
'2025-05-24 12:18:51.693,108777.8,0.01534628,sell,743378730
'2025-05-24 12:18:51.693,108777.8,0.01036047,sell,743378731
'2025-05-24 12:18:51.693,108777.8,0.01927022,sell,743378732
'2025-05-24 12:18:51.693,108777.8,0.01182537,sell,743378733
'2025-05-24 12:18:51.693,108777.6,0.00200122,sell,743378734
'2025-05-24 12:18:51.693,108775.7,0.005,sell,743378735
'2025-05-24 12:18:51.693,108774.8,0.00001,sell,743378736
'2025-05-24 12:18:51.693,108772.2,0.00004826,sell,743378737
'2025-05-24 12:18:51.693,108770.7,0.00001,sell,743378738
'2025-05-24 12:18:51.693,108770,0.00001,sell,743378739
'2025-05-24 12:18:51.693,108769.8,0.00675206,sell,743378743
'2025-05-24 12:18:51.693,108768.6,0.002,sell,743378744
'2025-05-24 12:18:51.693,108768.4,0.00735442,sell,743378745
'2025-05-24 12:18:51.693,108767.3,0.01070201,sell,743378746
'2025-05-24 12:18:51.695,108767.3,0.02172367,sell,743378747
'2025-05-24 12:18:51.695,108766.5,0.00001,sell,743378748
'2025-05-24 12:18:51.695,108765.4,0.02902887,sell,743378749
'2025-05-24 12:18:51.695,108764.4,0.00182,sell,743378750
'2025-05-24 12:18:51.695,108764,0.00048382,sell,743378751
'2025-05-24 12:18:51.695,108763.5,0.00002,sell,743378752
'2025-05-24 12:18:51.695,108762.7,0.005,sell,743378753
'2025-05-24 12:18:51.695,108762.5,0.05128062,sell,743378754
'2025-05-24 12:18:51.695,108762.4,0.00003,sell,743378756
'2025-05-24 12:18:51.695,108761.4,0.0080202,sell,743378757
'2025-05-24 12:18:51.695,108760.5,0.00919336,sell,743378758
'2025-05-24 12:18:51.695,108760.4,0.00205545,sell,743378759
'2025-05-24 12:18:51.695,108760.3,0.00377476,sell,743378760
'2025-05-24 12:18:51.695,108760,0.00034053,sell,743378764
'2025-05-24 12:18:51.695,108759,0.00182,sell,743378765
'2025-05-24 12:18:51.695,108758.3,0.00001,sell,743378766
'2025-05-24 12:18:51.695,108758,0.04438872,sell,743378767
'2025-05-24 12:18:51.695,108758,0.01456692,sell,743378768
'2025-05-24 12:18:51.698,108756.5,0.01564,sell,743378769
'2025-05-24 12:18:51.698,108756.5,0.05336,sell,743378770
'2025-05-24 12:18:51.698,108755.9,0.00225467,sell,743378771
'2025-05-24 12:18:51.698,108754.1,0.00001,sell,743378772
'2025-05-24 12:18:51.698,108754,0.00002,sell,743378773
'2025-05-24 12:18:51.698,108753.5,0.00367,sell,743378774
'2025-05-24 12:18:51.709,108752.2,0.0001839,sell,743378775
'2025-05-24 12:18:51.709,108751.8,0.0022,sell,743378776
'2025-05-24 12:18:51.709,108750.9,0.00151024,sell,743378778
'2025-05-24 12:18:51.712,108750.7,0.00427452,buy,743378779
'2025-05-24 12:18:51.715,108750.7,0.00046,buy,743378780
'2025-05-24 12:18:51.728,108750.1,0.00045708,buy,743378781
'2025-05-24 12:18:51.735,108750,0.00061963,sell,743378785
'2025-05-24 12:18:51.741,108749.9,0.00006548,sell,743378786
'2025-05-24 12:18:51.741,108748.4,0.00001,sell,743378787
'2025-05-24 12:18:51.773,108745.1,0.00001,sell,743378788
'2025-05-24 12:18:51.785,108743.5,0.00077244,sell,743378791
'2025-05-24 12:18:51.785,108743.4,0.00008627,sell,743378792
'2025-05-24 12:18:51.785,108743.3,0.00001023,sell,743378793
'2025-05-24 12:18:51.785,108742.8,0.00006036,sell,743378796
'2025-05-24 12:18:51.785,108742.6,0.00001496,sell,743378797
'2025-05-24 12:18:51.785,108742.4,0.00004831,sell,743378798
'2025-05-24 12:18:51.785,108742.3,0.00018116,sell,743378799
'2025-05-24 12:18:51.785,108742.2,0.00001971,sell,743378800
'2025-05-24 12:18:51.785,108741.7,0.00001,sell,743378801
'2025-05-24 12:18:51.785,108741.3,0.00030789,sell,743378806
'2025-05-24 12:18:51.785,108741.2,0.00004951,sell,743378807
'2025-05-24 12:18:51.785,108740.8,0.00005131,sell,743378811
'2025-05-24 12:18:51.913,108740.8,0.0002,buy,743378813
'2025-05-24 12:18:52.258,108740.8,0.00010737,buy,743378814
'2025-05-24 12:18:53.707,108740.8,0.000204,buy,743378815
'2025-05-24 12:18:55.178,108740.7,0.00046,sell,743378818
'2025-05-24 12:18:55.181,108740.7,0.00046,sell,743378819
'2025-05-24 12:18:55.181,108740.7,0.03904226,sell,743378832
'2025-05-24 12:18:55.181,108740.6,0.00003975,sell,743378834
'2025-05-24 12:18:55.181,108740.2,0.00004828,sell,743378835
'2025-05-24 12:18:55.181,108740.1,0.00002833,sell,743378836
'2025-05-24 12:18:55.181,108740,0.00046392,sell,743378839
'2025-05-24 12:18:55.181,108739.8,0.00058604,sell,743378840
'2025-05-24 12:18:55.181,108739.6,0.0000202,sell,743378842
'2025-05-24 12:18:55.181,108739.5,0.00006,sell,743378843
'2025-05-24 12:18:55.181,108739.3,0.00005919,sell,743378844
'2025-05-24 12:18:55.181,108739,0.00004001,sell,743378846
'2025-05-24 12:18:55.181,108738.8,0.0000148,sell,743378847
'2025-05-24 12:18:55.181,108738.7,0.00003527,sell,743378850
'2025-05-24 12:18:55.181,108738.6,0.00007452,sell,743378852
'2025-05-24 12:18:55.181,108738.5,0.00001234,sell,743378853
'2025-05-24 12:18:55.181,108738.4,0.002,sell,743378854
'2025-05-24 12:18:55.181,108738,0.00010479,sell,743378855
'2025-05-24 12:18:55.181,108737.7,0.00001159,sell,743378856
'2025-05-24 12:18:55.181,108737.6,0.02755493,sell,743378857
'2025-05-24 12:18:55.181,108737.4,0.00641899,sell,743378858
'2025-05-24 12:18:55.181,108737.1,0.00002266,sell,743378859
'2025-05-24 12:18:55.181,108737,0.00010013,sell,743378861
'2025-05-24 12:18:55.181,108736.8,0.00007286,sell,743378866
'2025-05-24 12:18:55.181,108736.7,0.00040188,sell,743378867
'2025-05-24 12:18:55.181,108736.6,0.00001101,sell,743378868
'2025-05-24 12:18:55.181,108736.4,0.00008023,sell,743378869
'2025-05-24 12:18:55.181,108736.1,0.00005171,sell,743378870
'2025-05-24 12:18:55.181,108736,0.05697774,sell,743378874
'2025-05-24 12:18:55.181,108735.6,0.00020867,sell,743378878
'2025-05-24 12:18:55.181,108735.5,0.0001411,sell,743378882
'2025-05-24 12:18:55.181,108735.3,0.02755552,sell,743378883
'2025-05-24 12:18:55.181,108735.2,0.00011276,sell,743378885
'2025-05-24 12:18:55.181,108735.1,0.00011315,sell,743378886
'2025-05-24 12:18:55.181,108735,0.00002107,sell,743378887
'2025-05-24 12:18:55.181,108734.7,0.00001785,sell,743378888
'2025-05-24 12:18:55.181,108734.2,0.00001315,sell,743378889
'2025-05-24 12:18:55.181,108734,0.00006684,sell,743378891
'2025-05-24 12:18:55.181,108733.9,0.00002208,sell,743378893
'2025-05-24 12:18:55.181,108733.5,0.00023604,sell,743378895
'2025-05-24 12:18:55.181,108733.3,0.00082456,sell,743378899
'2025-05-24 12:18:55.181,108732.7,0.00015366,sell,743378901
'2025-05-24 12:18:55.181,108732.5,0.00466476,sell,743378903
'2025-05-24 12:18:55.181,108732.3,0.00008514,sell,743378904
'2025-05-24 12:18:55.181,108731.7,0.00010685,sell,743378908
'2025-05-24 12:18:55.181,108731.6,0.00146814,sell,743378909
'2025-05-24 12:18:55.181,108731.4,0.00002018,sell,743378911
'2025-05-24 12:18:55.181,108731.2,0.00001024,sell,743378912
'2025-05-24 12:18:55.181,108731,0.0275566,sell,743378913
'2025-05-24 12:18:55.181,108730.9,0.01237838,sell,743378922
'2025-05-24 12:18:55.181,108730.7,0.00577709,sell,743378923
'2025-05-24 12:18:55.181,108730.5,0.00003036,sell,743378924
'2025-05-24 12:18:55.181,108730.3,0.00028808,sell,743378939
'2025-05-24 12:18:55.181,108730,0.00047529,sell,743378941
'2025-05-24 12:18:55.181,108729.9,0.00003678,sell,743378942
'2025-05-24 12:18:55.181,108729.7,0.00027279,sell,743378946
'2025-05-24 12:18:55.181,108729.4,0.00003034,sell,743378948
'2025-05-24 12:18:55.181,108729.1,0.00071718,sell,743378952
'2025-05-24 12:18:55.181,108728.9,0.00013003,sell,743378954
'2025-05-24 12:18:55.181,108728.6,0.01045039,sell,743378955
'2025-05-24 12:18:55.181,108728.4,0.00003452,sell,743378956
'2025-05-24 12:18:55.181,108728.1,0.00011744,sell,743378957
'2025-05-24 12:18:55.181,108727.9,0.2205,sell,743378958
'2025-05-24 12:18:55.181,108727.5,0.00004248,sell,743378960
'2025-05-24 12:18:55.181,108727.4,0.00002201,sell,743378961
'2025-05-24 12:18:55.181,108727.3,0.00837498,sell,743378971
'2025-05-24 12:18:55.181,108727.2,0.00110703,sell,743378975
'2025-05-24 12:18:55.181,108727.1,0.00182,sell,743378976
'2025-05-24 12:18:55.181,108727,0.00002418,sell,743378978
'2025-05-24 12:18:55.181,108726.8,0.00011772,sell,743378979
'2025-05-24 12:18:55.181,108726.3,0.00003611,sell,743378980
'2025-05-24 12:18:55.181,108726.2,0.00003452,sell,743378981
'2025-05-24 12:18:55.181,108726.1,0.03959428,sell,743378982
'2025-05-24 12:18:55.181,108725.9,0.069,sell,743378983
'2025-05-24 12:18:55.181,108725.4,0.00007229,sell,743378985
'2025-05-24 12:18:55.181,108725.3,0.002,sell,743378986
'2025-05-24 12:18:55.181,108725.2,0.00001,sell,743378987
'2025-05-24 12:18:55.181,108725.1,0.04598937,sell,743378989
'2025-05-24 12:18:55.181,108725,0.01298618,sell,743378993
'2025-05-24 12:18:55.181,108724.8,0.00001009,sell,743378994
'2025-05-24 12:18:55.181,108724.4,0.06741046,sell,743378996
'2025-05-24 12:18:55.181,108724.3,0.00002253,sell,743378998
'2025-05-24 12:18:55.181,108724.2,0.0000237,sell,743378999
'2025-05-24 12:18:55.181,108723.4,0.00054831,sell,743379000
'2025-05-24 12:18:55.181,108722.9,0.000044,sell,743379002
'2025-05-24 12:18:55.181,108722.8,0.00002,sell,743379003
'2025-05-24 12:18:55.181,108722.3,0.13310946,sell,743379004
'2025-05-24 12:18:55.181,108722.2,0.00146576,sell,743379006
'2025-05-24 12:18:55.181,108722,0.00065378,sell,743379008
'2025-05-24 12:18:55.181,108721.8,0.00005025,sell,743379009
'2025-05-24 12:18:55.181,108721.7,0.08059477,sell,743379012
'2025-05-24 12:18:55.181,108721.6,0.072,sell,743379013
'2025-05-24 12:18:55.181,108721.5,0.063,sell,743379014
'2025-05-24 12:18:55.181,108721.1,0.00001,sell,743379015
'2025-05-24 12:18:55.181,108720.9,0.069,sell,743379016
'2025-05-24 12:18:55.181,108720.1,0.05709052,sell,743379017
'2025-05-24 12:18:55.181,108720,0.00102037,sell,743379030
'2025-05-24 12:18:55.181,108719.9,0.001,sell,743379031
'2025-05-24 12:18:55.181,108719.7,0.00003452,sell,743379032
'2025-05-24 12:18:55.181,108719.6,0.00003116,sell,743379033
'2025-05-24 12:18:55.181,108719.5,0.00003679,sell,743379034
'2025-05-24 12:18:55.181,108718.9,0.07819054,sell,743379035
'2025-05-24 12:18:55.181,108718.7,0.00132137,sell,743379036
'2025-05-24 12:18:55.181,108718.6,0.00002064,sell,743379038
'2025-05-24 12:18:55.181,108718.4,0.00005574,sell,743379039
'2025-05-24 12:18:55.181,108718.1,0.00012055,sell,743379041
'2025-05-24 12:18:55.181,108718,0.00001029,sell,743379042
'2025-05-24 12:18:55.181,108717.9,0.00052279,sell,743379044
'2025-05-24 12:18:55.184,108729.6,0.00661265,sell,743379045
'2025-05-24 12:18:55.184,108717.9,0.06850107,sell,743379046
'2025-05-24 12:18:55.184,108717.5,0.00018133,sell,743379047
'2025-05-24 12:18:55.184,108717.3,0.00470495,sell,743379048
'2025-05-24 12:18:55.185,108717.2,0.00004164,sell,743379049
'2025-05-24 12:18:55.185,108717,0.00003017,sell,743379052
'2025-05-24 12:18:55.185,108716.9,0.00002922,sell,743379053
'2025-05-24 12:18:55.185,108716.2,0.00614843,sell,743379055
'2025-05-24 12:18:55.186,108716.2,0.00129633,sell,743379056
'2025-05-24 12:18:55.186,108716,0.00021157,sell,743379057
'2025-05-24 12:18:55.186,108715.8,0.00002201,sell,743379058
'2025-05-24 12:18:55.186,108715.6,0.00001839,sell,743379059
'2025-05-24 12:18:55.186,108715.1,0.01255411,sell,743379060
'2025-05-24 12:18:55.186,108715.1,0.01567129,sell,743379061
'2025-05-24 12:18:55.186,108715.1,0.01424346,sell,743379062
'2025-05-24 12:18:55.186,108715.1,0.0076,sell,743379063
'2025-05-24 12:18:55.187,108715.1,0.0830406,sell,743379064
'2025-05-24 12:18:55.187,108714.8,0.0000111,sell,743379065
'2025-05-24 12:18:55.187,108714.7,0.00141625,sell,743379067
'2025-05-24 12:18:55.187,108714.6,0.09681768,sell,743379069
'2025-05-24 12:18:55.187,108714.5,0.00002689,sell,743379071
'2025-05-24 12:18:55.187,108714.4,0.00550437,sell,743379073
'2025-05-24 12:18:55.187,108714.3,0.00232363,sell,743379074
'2025-05-24 12:18:55.187,108714.2,0.00201054,sell,743379081
'2025-05-24 12:18:55.187,108713.9,0.00004034,sell,743379083
'2025-05-24 12:18:55.187,108713.8,0.00002111,sell,743379084
'2025-05-24 12:18:55.187,108713.7,0.0022,sell,743379085
'2025-05-24 12:18:55.187,108713.6,0.00001219,sell,743379086
'2025-05-24 12:18:55.187,108713.1,0.00038185,sell,743379091
'2025-05-24 12:18:55.187,108712.8,0.00001,sell,743379092
'2025-05-24 12:18:55.187,108712.1,0.1299022,sell,743379094
'2025-05-24 12:18:55.187,108712,0.00117684,sell,743379097
'2025-05-24 12:18:55.187,108710.8,0.00367,sell,743379098
'2025-05-24 12:18:55.187,108710,0.00020732,sell,743379103
'2025-05-24 12:18:55.187,108709.8,0.01103646,sell,743379105
'2025-05-24 12:18:55.187,108709.7,0.00002201,sell,743379106
'2025-05-24 12:18:55.187,108709.6,0.00155358,sell,743379111
'2025-05-24 12:18:55.187,108709.5,0.00011958,sell,743379112
'2025-05-24 12:18:55.187,108709.1,0.00001639,sell,743379113
'2025-05-24 12:18:55.187,108709,0.00006335,sell,743379114
'2025-05-24 12:18:55.187,108708.7,0.00001,sell,743379115
'2025-05-24 12:18:55.187,108708.4,0.13310946,sell,743379116
'2025-05-24 12:18:55.187,108708.3,0.00002868,sell,743379117
'2025-05-24 12:18:55.187,108708.1,0.00372873,sell,743379118
'2025-05-24 12:18:55.187,108708,0.00050656,sell,743379119
'2025-05-24 12:18:55.187,108707.9,0.00003871,sell,743379120
'2025-05-24 12:18:55.187,108707.8,0.00211161,sell,743379123
'2025-05-24 12:18:55.187,108707.7,0.04080167,sell,743379124
'2025-05-24 12:18:55.187,108707.5,0.00005433,sell,743379126
'2025-05-24 12:18:55.187,108707,0.0000202,sell,743379128
'2025-05-24 12:18:55.187,108706.8,0.00016616,sell,743379129
'2025-05-24 12:18:55.187,108706.2,0.00001207,sell,743379130
'2025-05-24 12:18:55.187,108706.1,0.00009442,sell,743379131
'2025-05-24 12:18:55.187,108705.9,0.00030759,sell,743379132
'2025-05-24 12:18:55.187,108705.8,0.00090036,sell,743379136
'2025-05-24 12:18:55.187,108705.6,0.00007299,sell,743379138
'2025-05-24 12:18:55.187,108705.5,0.00049199,sell,743379144
'2025-05-24 12:18:55.187,108705.4,0.00001302,sell,743379145
'2025-05-24 12:18:55.187,108705.1,0.0021,sell,743379146
'2025-05-24 12:18:55.187,108704.9,0.00011781,sell,743379149
'2025-05-24 12:18:55.187,108704.7,0.00005177,sell,743379150
'2025-05-24 12:18:55.187,108703.8,0.00919816,sell,743379151
'2025-05-24 12:18:55.187,108703.7,0.0001683,sell,743379152
'2025-05-24 12:18:55.187,108703.5,0.324552,sell,743379153
'2025-05-24 12:18:55.187,108703.1,0.00001007,sell,743379154
'2025-05-24 12:18:55.187,108703,0.08,sell,743379156
'2025-05-24 12:18:55.187,108702.8,0.00001073,sell,743379157
'2025-05-24 12:18:55.187,108702.7,0.00001025,sell,743379158
'2025-05-24 12:18:55.187,108702.4,0.00001879,sell,743379159
'2025-05-24 12:18:55.187,108702.3,0.00013687,sell,743379162
'2025-05-24 12:18:55.187,108702.2,0.00001095,sell,743379163
'2025-05-24 12:18:55.187,108702,0.04005162,sell,743379165
'2025-05-24 12:18:55.187,108701.9,0.00003076,sell,743379168
'2025-05-24 12:18:55.187,108701.7,0.00001078,sell,743379169
'2025-05-24 12:18:55.187,108701.4,0.00026256,sell,743379171
'2025-05-24 12:18:55.187,108701.2,0.00125263,sell,743379172
'2025-05-24 12:18:55.187,108700.9,0.00090148,sell,743379173
'2025-05-24 12:18:55.187,108700.6,0.00058258,sell,743379179
'2025-05-24 12:18:55.187,108700.4,0.00002944,sell,743379181
'2025-05-24 12:18:55.187,108700.1,0.0000462,sell,743379184
'2025-05-24 12:18:55.187,108700,0.07172021,sell,743379217
'2025-05-24 12:18:55.187,108699.9,0.00211736,sell,743379219
'2025-05-24 12:18:55.187,108699.6,0.0000246,sell,743379220
'2025-05-24 12:18:55.187,108699.1,0.00013629,sell,743379221
'2025-05-24 12:18:55.187,108698.9,0.00090368,sell,743379223
'2025-05-24 12:18:55.187,108698.8,0.00017798,sell,743379224
'2025-05-24 12:18:55.187,108698.6,0.00002851,sell,743379225
'2025-05-24 12:18:55.187,108698.4,0.00001095,sell,743379226
'2025-05-24 12:18:55.187,108698,0.00002567,sell,743379227
'2025-05-24 12:18:55.187,108697.5,0.00075582,sell,743379238
'2025-05-24 12:18:55.187,108697.3,0.00001,sell,743379239
'2025-05-24 12:18:55.187,108697.1,0.03472484,sell,743379240
'2025-05-24 12:18:55.187,108697,0.00049631,sell,743379241
'2025-05-24 12:18:55.187,108696.9,0.00648552,sell,743379247
'2025-05-24 12:18:55.187,108696.6,0.0000525,sell,743379249
'2025-05-24 12:18:55.187,108695.6,0.00034681,sell,743379251
'2025-05-24 12:18:55.187,108695.4,0.00002314,sell,743379253
'2025-05-24 12:18:55.187,108695.3,0.0000574,sell,743379254
'2025-05-24 12:18:55.187,108695.2,0.22051705,sell,743379256
'2025-05-24 12:18:55.187,108694.9,0.00151914,sell,743379258
'2025-05-24 12:18:55.187,108694.7,0.00002004,sell,743379260
'2025-05-24 12:18:55.187,108694.5,0.00009308,sell,743379261
'2025-05-24 12:18:55.187,108694.4,0.0054705,sell,743379263
'2025-05-24 12:18:55.187,108694.2,0.00009289,sell,743379264
'2025-05-24 12:18:55.187,108694.1,0.26349443,sell,743379266
'2025-05-24 12:18:55.187,108694,0.00050656,sell,743379267
'2025-05-24 12:18:55.187,108693.9,0.00001511,sell,743379268
'2025-05-24 12:18:55.187,108693.8,0.00013789,sell,743379269
'2025-05-24 12:18:55.188,108693.4,0.00046,sell,743379270
'2025-05-24 12:18:55.194,108693.3,0.00011062,sell,743379272
'2025-05-24 12:18:55.194,108692.7,0.0000112,sell,743379273
'2025-05-24 12:18:55.194,108692.4,0.00003336,sell,743379276
'2025-05-24 12:18:55.194,108692.3,0.00002235,sell,743379278
'2025-05-24 12:18:55.194,108692.2,0.00007522,sell,743379282
'2025-05-24 12:18:55.194,108692,0.0000551,sell,743379286
'2025-05-24 12:18:55.194,108691.8,0.0000267,sell,743379287
'2025-05-24 12:18:55.194,108691.6,0.00016363,sell,743379290
'2025-05-24 12:18:55.194,108691.4,0.0001084,sell,743379291
'2025-05-24 12:18:55.194,108690.9,0.00008397,sell,743379292
'2025-05-24 12:18:55.194,108690.8,0.06320945,sell,743379293
'2025-05-24 12:18:55.194,108690.5,0.00005134,sell,743379294
'2025-05-24 12:18:55.194,108690.4,0.00004893,sell,743379295
'2025-05-24 12:18:55.194,108690.3,0.00002407,sell,743379296
'2025-05-24 12:18:55.194,108690,0.00001921,sell,743379297
'2025-05-24 12:18:55.194,108689.9,0.00013031,sell,743379298
'2025-05-24 12:18:55.194,108689.8,0.00020713,sell,743379299
'2025-05-24 12:18:55.194,108689.7,0.00001311,sell,743379300
'2025-05-24 12:18:55.194,108689.6,0.00047572,sell,743379303
'2025-05-24 12:18:55.194,108689.3,0.00010518,sell,743379304
'2025-05-24 12:18:55.194,108689.2,0.00563897,sell,743379306
'2025-05-24 12:18:55.194,108689.1,0.00170258,sell,743379314
'2025-05-24 12:18:55.194,108688.4,0.00037047,sell,743379315
'2025-05-24 12:18:55.194,108688.3,0.00006609,sell,743379321
'2025-05-24 12:18:55.194,108688,0.00008963,sell,743379323
'2025-05-24 12:18:55.194,108687.8,0.00001017,sell,743379324
'2025-05-24 12:18:55.194,108687.5,0.00011527,sell,743379325
'2025-05-24 12:18:55.194,108687.4,0.00013703,sell,743379326
'2025-05-24 12:18:55.194,108686.9,0.00003266,sell,743379328
'2025-05-24 12:18:55.194,108686.8,0.00001971,sell,743379329
'2025-05-24 12:18:55.194,108686.6,0.03804242,sell,743379330
'2025-05-24 12:18:55.194,108686.6,0.08,sell,743379331
'2025-05-24 12:18:55.194,108686.6,0.0329865,sell,743379332
'2025-05-24 12:18:55.194,108686.5,0.00002076,sell,743379334
'2025-05-24 12:18:55.194,108686.4,0.00001126,sell,743379335
'2025-05-24 12:18:55.194,108686.3,0.00003271,sell,743379336
'2025-05-24 12:18:55.194,108686,0.00678199,sell,743379340
'2025-05-24 12:18:55.194,108685.9,0.00001002,sell,743379341
'2025-05-24 12:18:55.194,108685.7,0.00015676,sell,743379344
'2025-05-24 12:18:55.195,108685.7,0.00065254,sell,743379345
'2025-05-24 12:18:55.195,108685.6,0.000056,sell,743379349
'2025-05-24 12:18:55.195,108685.5,0.00003057,sell,743379352
'2025-05-24 12:18:55.195,108685.3,0.00004952,sell,743379353
'2025-05-24 12:18:55.195,108685.2,0.00001417,sell,743379354
'2025-05-24 12:18:55.195,108685,0.001,sell,743379355
'2025-05-24 12:18:55.195,108684.7,0.00026315,sell,743379356
'2025-05-24 12:18:55.195,108684.2,0.00133596,sell,743379362
'2025-05-24 12:18:55.195,108684,0.0000169,sell,743379363
'2025-05-24 12:18:55.195,108683.8,0.00001004,sell,743379364
'2025-05-24 12:18:55.195,108683.5,0.0000528,sell,743379366
'2025-05-24 12:18:55.195,108683.3,0.00290521,sell,743379368
'2025-05-24 12:18:55.195,108683.2,0.00001014,sell,743379369
'2025-05-24 12:18:55.195,108683.1,0.00001019,sell,743379370
'2025-05-24 12:18:55.195,108683,0.00004516,sell,743379371
'2025-05-24 12:18:55.195,108682.8,0.00001506,sell,743379372
'2025-05-24 12:18:55.195,108682.3,0.03793392,sell,743379386
'2025-05-24 12:18:55.195,108681.9,0.00063014,sell,743379391
'2025-05-24 12:18:55.195,108681.4,0.00001152,sell,743379392
'2025-05-24 12:18:55.195,108681.2,0.00004167,sell,743379393
'2025-05-24 12:18:55.195,108681,0.06001322,sell,743379396
'2025-05-24 12:18:55.195,108680.9,0.00036649,sell,743379397
'2025-05-24 12:18:55.195,108680.8,0.00001157,sell,743379398
'2025-05-24 12:18:55.195,108680.5,0.01438075,sell,743379399
'2025-05-24 12:18:55.195,108680.2,0.00013404,sell,743379401
'2025-05-24 12:18:55.195,108680,0.03119761,sell,743379412
'2025-05-24 12:18:55.197,108679.9,0.000046,sell,743379413
'2025-05-24 12:18:55.197,108679.8,0.00001,sell,743379414
'2025-05-24 12:18:55.197,108679.7,0.00061271,sell,743379416
'2025-05-24 12:18:55.197,108679.3,0.00003798,sell,743379417
'2025-05-24 12:18:55.197,108679.2,0.00001121,sell,743379418
'2025-05-24 12:18:55.197,108678.6,0.00600032,sell,743379419
'2025-05-24 12:18:55.197,108678.3,0.00002006,sell,743379421
'2025-05-24 12:18:55.197,108677.6,0.00001066,sell,743379422
'2025-05-24 12:18:55.197,108677.4,0.00001002,sell,743379423
'2025-05-24 12:18:55.197,108676.9,0.000013,sell,743379424
'2025-05-24 12:18:55.197,108676.7,0.0000638,sell,743379428
'2025-05-24 12:18:55.197,108676.6,0.00001002,sell,743379429
'2025-05-24 12:18:55.197,108676.5,0.00009411,sell,743379431
'2025-05-24 12:18:55.197,108676.4,0.00002095,sell,743379432
'2025-05-24 12:18:55.197,108676,0.00001004,sell,743379433
'2025-05-24 12:18:55.197,108675.9,0.00001618,sell,743379434
'2025-05-24 12:18:55.197,108675.7,0.00001,sell,743379435
'2025-05-24 12:18:55.197,108675.5,0.00017777,sell,743379437
'2025-05-24 12:18:55.197,108675,0.00547024,sell,743379440
'2025-05-24 12:18:55.197,108674.6,0.00004846,sell,743379442
'2025-05-24 12:18:55.197,108674.5,0.00001684,sell,743379443
'2025-05-24 12:18:55.197,108674.4,0.00002533,sell,743379444
'2025-05-24 12:18:55.197,108674.3,0.0999643,sell,743379446
'2025-05-24 12:18:55.205,108674,0.00031054,sell,743379447
'2025-05-24 12:18:55.205,108673.9,0.00001483,sell,743379448
'2025-05-24 12:18:55.205,108673.5,0.01344463,sell,743379452
'2025-05-24 12:18:55.207,108673.5,0.00074452,sell,743379453
'2025-05-24 12:18:55.210,108673.2,0.00017152,sell,743379454
'2025-05-24 12:18:55.210,108672.8,0.0000398,sell,743379456
'2025-05-24 12:18:55.210,108672.7,0.0021,sell,743379457
'2025-05-24 12:18:55.210,108672.4,0.00357479,sell,743379459
'2025-05-24 12:18:55.210,108672.4,0.00217681,sell,743379460
'2025-05-24 12:18:55.210,108671.8,0.00008714,sell,743379463
'2025-05-24 12:18:55.210,108671.5,0.00001,sell,743379464
'2025-05-24 12:18:55.210,108671.1,0.00107631,sell,743379465
'2025-05-24 12:18:55.210,108671,0.00003766,sell,743379466
'2025-05-24 12:18:55.210,108670.6,0.00001615,sell,743379467
'2025-05-24 12:18:55.210,108670.5,0.00001015,sell,743379468
'2025-05-24 12:18:55.210,108670.4,0.00008832,sell,743379474
'2025-05-24 12:18:55.210,108670.2,0.00789971,sell,743379481
'2025-05-24 12:18:55.212,108670.2,0.0322639,sell,743379482
'2025-05-24 12:18:55.212,108670,0.00001009,sell,743379483
'2025-05-24 12:18:55.218,108669.8,0.00001023,sell,743379484
'2025-05-24 12:18:55.218,108669.6,0.00004018,sell,743379486
'2025-05-24 12:18:55.218,108669,0.00004583,sell,743379487
'2025-05-24 12:18:55.218,108668.5,0.00001028,sell,743379488
'2025-05-24 12:18:55.218,108668.2,0.00004745,sell,743379489
'2025-05-24 12:18:55.218,108668.1,0.00014962,sell,743379495
'2025-05-24 12:18:55.218,108668,0.00002185,sell,743379496
'2025-05-24 12:18:55.218,108667.5,0.00130301,sell,743379497
'2025-05-24 12:18:55.218,108667.4,0.00001,sell,743379498
'2025-05-24 12:18:55.218,108667.3,0.00022095,sell,743379501
'2025-05-24 12:18:55.218,108667.1,0.0004415,sell,743379502
'2025-05-24 12:18:55.218,108667,0.00046012,sell,743379503
'2025-05-24 12:18:55.218,108666.9,0.00028839,sell,743379505
'2025-05-24 12:18:55.218,108666.7,0.00004941,sell,743379506
'2025-05-24 12:18:55.218,108666.6,0.06520167,sell,743379591
'2025-05-24 12:18:55.220,108674.9,0.02617326,sell,743379592
'2025-05-24 12:18:55.221,108674.9,0.00031362,sell,743379593
'2025-05-24 12:18:55.225,108670,0.00001,sell,743379594
'2025-05-24 12:18:55.225,108666.6,0.00870528,sell,743379596
'2025-05-24 12:18:55.225,108666.6,0.00461362,sell,743379597
'2025-05-24 12:18:55.227,108666.6,0.08240268,sell,743379618
'2025-05-24 12:18:55.230,108669.1,0.00046,buy,743379619
'2025-05-24 12:18:55.233,108668,0.00930032,sell,743379620
'2025-05-24 12:18:55.233,108668,0.00321036,sell,743379621
'2025-05-24 12:18:55.243,108666.5,0.00006442,sell,743379622
'2025-05-24 12:18:55.243,108666.4,0.00862048,sell,743379624
'2025-05-24 12:18:55.243,108666.2,0.00964805,sell,743379625
'2025-05-24 12:18:55.244,108666.6,0.00069835,buy,743379626
'2025-05-24 12:18:55.245,108666.2,0.01012422,sell,743379627
'2025-05-24 12:18:55.246,108666.3,0.00088835,buy,743379628
'2025-05-24 12:18:55.249,108666.3,0.0008481,buy,743379629
'2025-05-24 12:18:55.263,108666.1,0.0044,buy,743379630
'2025-05-24 12:18:55.291,108666,0.03157995,sell,743379632
'2025-05-24 12:18:55.299,108666,0.01927697,sell,743379633
'2025-05-24 12:18:55.304,108666,0.00918,sell,743379634
'2025-05-24 12:18:55.309,108666,0.01500997,sell,743379635
'2025-05-24 12:18:55.309,108665.9,0.00005534,sell,743379636
'2025-05-24 12:18:55.309,108665.8,0.00055485,sell,743379637
'2025-05-24 12:18:55.309,108665.7,0.0004573,sell,743379640
'2025-05-24 12:18:55.309,108665.6,0.00007065,sell,743379642
'2025-05-24 12:18:55.309,108665.5,0.00001018,sell,743379643
'2025-05-24 12:18:55.309,108665.4,0.00019383,sell,743379644
'2025-05-24 12:18:55.309,108665.3,0.00001611,sell,743379645
'2025-05-24 12:18:55.309,108665.2,0.00002602,sell,743379647
'2025-05-24 12:18:55.309,108664.5,0.00104524,sell,743379649
'2025-05-24 12:18:55.309,108664.4,0.00007952,sell,743379652
'2025-05-24 12:18:55.309,108664.1,0.00018405,sell,743379653
'2025-05-24 12:18:55.309,108664,0.0000184,sell,743379654
'2025-05-24 12:18:55.309,108663.9,0.0028,sell,743379655
'2025-05-24 12:18:55.309,108663.8,0.00013107,sell,743379657
'2025-05-24 12:18:55.309,108663.3,0.00003576,sell,743379659
'2025-05-24 12:18:55.309,108663.2,0.00658494,sell,743379660
'2025-05-24 12:18:55.309,108663.1,0.01531092,sell,743379662
'2025-05-24 12:18:55.309,108663,0.00059878,sell,743379665
'2025-05-24 12:18:55.309,108662.5,0.00099263,sell,743379667
'2025-05-24 12:18:55.309,108662.4,0.0000504,sell,743379670
'2025-05-24 12:18:55.309,108662,0.03855801,sell,743379674
'2025-05-24 12:18:55.312,108663.1,0.00164182,sell,743379675
'2025-05-24 12:18:55.363,108661.9,0.01598642,sell,743379679
'2025-05-24 12:18:55.363,108661.5,0.00005326,sell,743379683
'2025-05-24 12:18:55.363,108661.2,0.0000865,sell,743379684
'2025-05-24 12:18:55.363,108661,0.00002035,sell,743379685
'2025-05-24 12:18:55.363,108660.9,0.00029105,sell,743379687
'2025-05-24 12:18:55.363,108660.7,0.00646242,sell,743379688
'2025-05-24 12:18:55.373,108660.8,0.00460055,buy,743379690
'2025-05-24 12:18:55.375,108660.7,0.01330599,sell,743379691
'2025-05-24 12:18:55.385,108660.7,0.01540509,sell,743379692
'2025-05-24 12:18:55.385,108660,0.00382707,sell,743379699
'2025-05-24 12:18:55.393,108659.6,0.00002309,sell,743379700
'2025-05-24 12:18:55.393,108659.5,0.00018985,sell,743379704
'2025-05-24 12:18:55.393,108659.4,0.00001002,sell,743379705
'2025-05-24 12:18:55.393,108659.3,0.00011838,sell,743379706
'2025-05-24 12:18:55.393,108659.1,0.00006748,sell,743379710
'2025-05-24 12:18:55.393,108659,0.00005791,sell,743379712
'2025-05-24 12:18:55.393,108658.9,0.00192031,sell,743379713
'2025-05-24 12:18:55.393,108658.4,0.0000128,sell,743379714
'2025-05-24 12:18:55.418,108658.2,0.00008268,sell,743379716
'2025-05-24 12:18:55.418,108658.1,0.03541217,sell,743379717
'2025-05-24 12:18:55.418,108658,0.00001025,sell,743379718
'2025-05-24 12:18:55.423,108657.3,0.00001721,sell,743379719
'2025-05-24 12:18:55.423,108657.1,0.0002739,sell,743379721
'2025-05-24 12:18:55.423,108656.2,0.00002819,sell,743379722
'2025-05-24 12:18:55.423,108656,0.00001363,sell,743379723
'2025-05-24 12:18:55.423,108655.7,0.00003681,sell,743379724
'2025-05-24 12:18:55.431,108655.7,0.000699,buy,743379726
'2025-05-24 12:18:55.451,108655.6,0.08448876,sell,743379729
'2025-05-24 12:18:55.453,108655.7,0.0137301,buy,743379730
'2025-05-24 12:18:55.505,108655.7,0.00009203,buy,743379731
'2025-05-24 12:18:55.513,108655.7,0.0002,buy,743379732
'2025-05-24 12:18:55.711,108655.7,0.013863,buy,743379734
'2025-05-24 12:18:55.733,108655.7,0.00002201,buy,743379735
'2025-05-24 12:18:55.776,108655.6,0.01409432,sell,743379736
'2025-05-24 12:18:55.776,108655.5,0.00007655,sell,743379737
'2025-05-24 12:18:55.776,108654.5,0.0000251,sell,743379739
'2025-05-24 12:18:55.776,108654.2,0.00001403,sell,743379740
'2025-05-24 12:18:55.776,108654.1,0.00003545,sell,743379741
'2025-05-24 12:18:55.776,108653.9,0.00009203,sell,743379742
'2025-05-24 12:18:55.776,108653.8,0.00096401,sell,743379748
'2025-05-24 12:18:55.776,108653.7,0.0000205,sell,743379750
'2025-05-24 12:18:55.776,108653.5,0.00021151,sell,743379751
'2025-05-24 12:18:55.779,108653.3,0.00009018,sell,743379753
'2025-05-24 12:18:55.779,108653,0.00003099,sell,743379755
'2025-05-24 12:18:55.779,108652.8,0.00001005,sell,743379756
'2025-05-24 12:18:55.779,108652.2,0.00008235,sell,743379758
'2025-05-24 12:18:55.779,108652.1,0.00040348,sell,743379759
'2025-05-24 12:18:55.819,108652,0.00050656,sell,743379760
'2025-05-24 12:18:55.819,108651.9,0.00001118,sell,743379761
'2025-05-24 12:18:55.819,108651.6,0.00002242,sell,743379763
'2025-05-24 12:18:55.822,108651.2,0.00008153,sell,743379764
'2025-05-24 12:18:55.822,108650.9,0.00002018,sell,743379765
'2025-05-24 12:18:55.822,108650.7,0.00009409,sell,743379766
'2025-05-24 12:18:55.822,108650.6,0.00001498,sell,743379767
'2025-05-24 12:18:55.822,108650.3,0.00008712,sell,743379768
'2025-05-24 12:18:55.851,108650,0.00634993,sell,743379775
'2025-05-24 12:18:55.851,108649.5,0.00008119,sell,743379777
'2025-05-24 12:18:55.851,108649,0.00007296,sell,743379780
'2025-05-24 12:18:55.851,108648.9,0.0001901,sell,743379782
'2025-05-24 12:18:55.851,108648.6,0.00001114,sell,743379783
'2025-05-24 12:18:55.851,108648.5,0.00009584,sell,743379784
'2025-05-24 12:18:55.851,108648.1,0.00001062,sell,743379785
'2025-05-24 12:18:55.851,108647.9,0.00073287,sell,743379800
'2025-05-24 12:18:55.851,108647.7,0.00002204,sell,743379802
'2025-05-24 12:18:55.851,108647.5,0.00046163,sell,743379803
'2025-05-24 12:18:55.851,108647.3,0.00003007,sell,743379804
'2025-05-24 12:18:55.851,108647.2,0.00001501,sell,743379805
'2025-05-24 12:18:55.851,108647.1,0.00018408,sell,743379806
'2025-05-24 12:18:55.851,108647,0.00001782,sell,743379807
'2025-05-24 12:18:55.851,108646.9,0.000025,sell,743379808
'2025-05-24 12:18:55.851,108646.8,0.00014744,sell,743379812
'2025-05-24 12:18:55.851,108646.7,0.00002033,sell,743379814
'2025-05-24 12:18:55.851,108646.6,0.00393661,sell,743379816
'2025-05-24 12:18:55.851,108646.5,0.00006257,sell,743379817
'2025-05-24 12:18:55.851,108646.3,0.00001105,sell,743379818
'2025-05-24 12:18:55.851,108646.1,0.00001014,sell,743379819
'2025-05-24 12:18:55.851,108645.6,0.00600032,sell,743379820
'2025-05-24 12:18:55.851,108645.2,0.00001,sell,743379821
'2025-05-24 12:18:55.863,108645.1,0.00009143,sell,743379823
'2025-05-24 12:18:55.863,108644.8,0.00015555,sell,743379824
'2025-05-24 12:18:55.863,108644.7,0.00001763,sell,743379825
'2025-05-24 12:18:55.863,108644.4,0.00004167,sell,743379826
'2025-05-24 12:18:55.863,108644.1,0.00040177,sell,743379827
'2025-05-24 12:18:55.910,108644.1,0.1,buy,743379833
'2025-05-24 12:18:56.333,108644,0.00273913,sell,743379835
'2025-05-24 12:18:56.333,108643.9,0.00047654,sell,743379838
'2025-05-24 12:18:56.333,108643.8,0.00001018,sell,743379839
'2025-05-24 12:18:56.333,108643.5,0.00201516,sell,743379841
'2025-05-24 12:18:56.333,108642.8,0.00002266,sell,743379843
'2025-05-24 12:18:56.333,108642.6,0.00002046,sell,743379845
'2025-05-24 12:18:56.333,108642.5,0.00001003,sell,743379846
'2025-05-24 12:18:56.333,108642.4,0.00002049,sell,743379848
'2025-05-24 12:18:56.333,108642.2,0.00001038,sell,743379849
'2025-05-24 12:18:56.353,108641.9,0.00022763,sell,743379851
'2025-05-24 12:18:56.353,108641.4,0.00013109,sell,743379853
'2025-05-24 12:18:56.353,108641.3,0.00084619,sell,743379854
'2025-05-24 12:18:56.379,108641.2,0.0012,sell,743379859
'2025-05-24 12:18:56.491,108641.2,0.06181452,sell,743379862
'2025-05-24 12:18:56.502,108640.5,0.00004047,sell,743379863
'2025-05-24 12:18:56.502,108640.4,0.00004845,sell,743379864
'2025-05-24 12:18:56.502,108640,0.0088125,sell,743379877
'2025-05-24 12:18:56.502,108640,0.005,sell,743379878
'2025-05-24 12:18:56.502,108640,0.004,sell,743379879
'2025-05-24 12:18:56.559,108640,0.00139862,sell,743379880
'2025-05-24 12:18:56.659,108640,0.00009204,buy,743379881
'2025-05-24 12:18:56.673,108639.9,0.00559552,sell,743379889
'2025-05-24 12:18:56.673,108639.5,0.00003127,sell,743379891
'2025-05-24 12:18:56.673,108639.2,0.00002907,sell,743379893
'2025-05-24 12:18:56.673,108639.1,0.00007537,sell,743379895
'2025-05-24 12:18:56.673,108639,0.00052931,sell,743379896
'2025-05-24 12:18:56.673,108638.8,0.00003094,sell,743379899
'2025-05-24 12:18:56.673,108638.7,0.00018214,sell,743379900
'2025-05-24 12:18:56.673,108638.6,0.00006723,sell,743379901
'2025-05-24 12:18:56.673,108638.3,0.001256,sell,743379907
'2025-05-24 12:18:56.721,108638.1,0.00231076,sell,743379908
'2025-05-24 12:18:56.736,108638.2,0.00767685,buy,743379909
'2025-05-24 12:18:56.743,108638.2,0.00097111,buy,743379910
'2025-05-24 12:18:56.787,108638.2,0.79638675,buy,743379920
'2025-05-24 12:18:56.832,108639.4,0.00074796,sell,743379921
'2025-05-24 12:18:56.833,108639.4,0.00074796,sell,743379922
'2025-05-24 12:18:56.835,108639.5,0.05325867,buy,743379925
'2025-05-24 12:18:56.835,108639.5,0.00972464,buy,743379926
'2025-05-24 12:18:56.845,108639.5,0.09158969,buy,743379928
'2025-05-24 12:18:56.845,108640,0.00002,buy,743379929
'2025-05-24 12:18:56.957,108641.2,0.00013609,sell,743379930
'2025-05-24 12:18:57.018,108641.3,0.00001,buy,743379931
'2025-05-24 12:18:57.103,108641.3,0.00005522,buy,743379932
'2025-05-24 12:18:57.501,108641.3,0.07845075,buy,743379935
'2025-05-24 12:18:57.501,108641.3,0.04279251,buy,743379937
'2025-05-24 12:18:57.502,108643.5,0.00398719,buy,743379938
'2025-05-24 12:18:57.502,108644.1,0.00502394,buy,743379942
'2025-05-24 12:18:57.503,108644.1,0.0171481,buy,743379943
'2025-05-24 12:18:57.503,108644.1,0.02265952,buy,743379944
'2025-05-24 12:18:57.503,108644.1,0.0249,buy,743379945
'2025-05-24 12:18:57.503,108644.1,0.01508781,buy,743379946
'2025-05-24 12:18:57.503,108644.1,0.02738704,buy,743379947
'2025-05-24 12:18:57.503,108644.1,0.00014569,buy,743379948
'2025-05-24 12:18:57.503,108647,0.00905431,buy,743379949
'2025-05-24 12:18:57.506,108647,0.00014865,buy,743379950
'2025-05-24 12:18:57.513,108648.6,0.00095,buy,743379951
'2025-05-24 12:18:57.646,108649,0.01993608,buy,743379952
'2025-05-24 12:18:57.646,108649,0.06386501,buy,743379953
'2025-05-24 12:18:57.646,108649,0.17203712,buy,743379954
'2025-05-24 12:18:57.646,108649,0.04821892,buy,743379955
'2025-05-24 12:18:57.647,108649,0.01143794,buy,743379956
'2025-05-24 12:18:57.647,108649,0.00917257,buy,743379957
'2025-05-24 12:18:57.647,108649,0.18510661,buy,743379958
'2025-05-24 12:18:57.649,108649,0.18892859,buy,743379961
'2025-05-24 12:18:57.650,108649.7,0.00160376,buy,743379962
'2025-05-24 12:18:57.650,108649.9,0.00885799,buy,743379963
'2025-05-24 12:18:57.650,108649.9,0.00158376,buy,743379964
'2025-05-24 12:18:57.650,108650,0.00002,buy,743379965
'2025-05-24 12:18:57.650,108655.6,0.00200485,buy,743379966
'2025-05-24 12:18:57.650,108656,0.08149139,buy,743379967
'2025-05-24 12:18:58.451,108656,0.0034,buy,743379969
'2025-05-24 12:18:58.453,108656,0.00723166,buy,743379971
'2025-05-24 12:18:58.453,108657,0.00276834,buy,743379972
'2025-05-24 12:18:58.457,108657,0.00722166,buy,743379973
'2025-05-24 12:18:58.460,108658,0.01,buy,743379974
'2025-05-24 12:18:58.460,108658.6,0.0044,buy,743379975
'2025-05-24 12:18:58.461,108659.1,0.00162,buy,743379976
'2025-05-24 12:18:58.464,108660,0.00032,buy,743379979
'2025-05-24 12:18:58.473,108660,0.0000261,buy,743379982
'2025-05-24 12:18:58.478,108660,0.00000999,buy,743379983
'2025-05-24 12:18:58.534,108662.8,0.01438,sell,743379985
'2025-05-24 12:18:58.537,108662.8,0.01438,sell,743379987
'2025-05-24 12:18:58.539,108662.8,0.01437,sell,743379988
'2025-05-24 12:18:58.593,108662.9,0.0671753,buy,743379991
'2025-05-24 12:18:58.594,108664,0.0564,buy,743379992
'2025-05-24 12:18:58.594,108666,0.05690656,buy,743379994
'2025-05-24 12:18:58.594,108666.4,0.01084628,buy,743379996
'2025-05-24 12:18:58.621,108664,0.00174415,buy,743379997
'2025-05-24 12:18:58.669,108663.9,0.00330649,sell,743379998
'2025-05-24 12:18:58.816,108663.9,0.00011214,sell,743379999
'2025-05-24 12:18:58.848,108663.9,0.00005607,sell,743380000
'2025-05-24 12:18:58.922,108664,0.00001,buy,743380001
'2025-05-24 12:18:59.046,108663.9,0.00046,sell,743380002
'2025-05-24 12:18:59.073,108663.9,0.0125,sell,743380004
'2025-05-24 12:18:59.373,108660,0.00084573,sell,743380006
'2025-05-24 12:18:59.604,108656,0.01840673,buy,743380007
'2025-05-24 12:18:59.720,108656,0.001679,buy,743380008
'2025-05-24 12:18:59.963,108655.9,0.00799124,sell,743380012
'2025-05-24 12:18:59.963,108655.6,0.00398714,sell,743380013
'2025-05-24 12:19:00.205,108655.4,0.00648203,buy,743380014
'2025-05-24 12:19:00.662,108655.4,0.00120454,buy,743380015
'2025-05-24 12:19:00.857,108655.4,0.07292763,buy,743380017
'2025-05-24 12:19:00.859,108655.4,0.22845,buy,743380018
'2025-05-24 12:19:00.863,108655.4,0.01934838,buy,743380021
'2025-05-24 12:19:00.863,108655.6,0.00398709,buy,743380022
'2025-05-24 12:19:00.873,108656,0.0016932,buy,743380023
'2025-05-24 12:19:00.904,108656.5,0.00177396,buy,743380024
'2025-05-24 12:19:00.923,108660,0.00002,buy,743380026
'2025-05-24 12:19:00.953,108661.6,0.00212128,buy,743380028
'2025-05-24 12:19:01.010,108661.8,0.0001269,sell,743380029
'2025-05-24 12:19:01.803,108661.9,0.00036413,buy,743380032
'2025-05-24 12:19:01.804,108664.4,0.00169103,sell,743380033
'2025-05-24 12:19:01.903,108665.3,0.00177799,buy,743380034
'2025-05-24 12:19:01.937,108667.2,0.0842702,buy,743380037
'2025-05-24 12:19:01.937,108667.6,0.00693002,buy,743380038
'2025-05-24 12:19:01.937,108667.6,0.00043366,buy,743380039
'2025-05-24 12:19:01.937,108667.7,0.00200452,buy,743380040
'2025-05-24 12:19:01.937,108669.2,0.02429758,buy,743380041
'2025-05-24 12:19:01.938,108669.2,0.00337234,buy,743380042
'2025-05-24 12:19:01.940,108669.2,0.00243818,buy,743380043
'2025-05-24 12:19:01.953,108670,0.00002001,buy,743380045
'2025-05-24 12:19:01.956,108670,0.00002001,buy,743380046
'2025-05-24 12:19:01.961,108670,0.00002001,buy,743380047
'2025-05-24 12:19:02.404,108675.5,0.0039608,buy,743380049
'2025-05-24 12:19:02.404,108678.5,0.00736368,buy,743380050
'2025-05-24 12:19:02.780,108680,0.00009201,buy,743380052
'2025-05-24 12:19:02.942,108680,0.00502926,buy,743380058
'2025-05-24 12:19:03.072,108680.4,0.00018398,buy,743380059
'2025-05-24 12:19:03.072,108681.6,0.00184972,buy,743380060
'2025-05-24 12:19:03.072,108681.9,0.00920001,buy,743380061
'2025-05-24 12:19:03.189,108682,0.00002201,buy,743380062
'2025-05-24 12:19:03.442,108682,0.00281316,buy,743380065
'2025-05-24 12:19:03.592,108683.2,0.00244852,buy,743380067
'2025-05-24 12:19:03.873,108683.3,0.10642,buy,743380070
'2025-05-24 12:19:03.876,108683.3,0.00000539,buy,743380071
'2025-05-24 12:19:03.876,108684,0.00100784,buy,743380072
'2025-05-24 12:19:03.913,108687.9,0.00736106,buy,743380073
'2025-05-24 12:19:03.913,108689,0.00195101,buy,743380074
'2025-05-24 12:19:03.913,108689.9,0.00736079,buy,743380075
'2025-05-24 12:19:03.913,108690,0.00001,buy,743380076
'2025-05-24 12:19:04.016,108690.4,0.106235,sell,743380080
'2025-05-24 12:19:04.082,108690.5,0.00526516,buy,743380082
'2025-05-24 12:19:04.082,108692.1,0.00200379,buy,743380083
'2025-05-24 12:19:04.252,108694,0.00408173,buy,743380086
'2025-05-24 12:19:04.960,108694.2,0.0319023,sell,743380087
'2025-05-24 12:19:04.960,108694.2,0.18642306,sell,743380090
'2025-05-24 12:19:04.960,108694.2,0.05841853,sell,743380091
'2025-05-24 12:19:04.960,108694.2,0.01348099,sell,743380092
'2025-05-24 12:19:04.960,108694.2,0.01254601,sell,743380095
'2025-05-24 12:19:04.960,108693.9,0.00249749,sell,743380098
'2025-05-24 12:19:04.960,108693.6,0.04469227,sell,743380099
'2025-05-24 12:19:05.004,108692.1,0.00486349,sell,743380102
'2025-05-24 12:19:05.004,108691.6,0.002,sell,743380103
'2025-05-24 12:19:05.053,108690,0.00097686,sell,743380105
'2025-05-24 12:19:05.426,108688,0.05477779,sell,743380106
'2025-05-24 12:19:05.540,108688.1,0.776076,buy,743380111
'2025-05-24 12:19:05.540,108688.5,0.00202136,buy,743380112
'2025-05-24 12:19:05.540,108689.6,0.06071802,buy,743380114
'2025-05-24 12:19:05.540,108690,0.05641,buy,743380116
'2025-05-24 12:19:05.540,108690.1,0.00404272,buy,743380117
'2025-05-24 12:19:05.540,108691.6,0.03168873,buy,743380118
'2025-05-24 12:19:05.540,108692,0.0564,buy,743380119
'2025-05-24 12:19:05.540,108692.1,0.00398636,buy,743380120
'2025-05-24 12:19:05.540,108692.2,0.00919914,buy,743380121
'2025-05-24 12:19:05.540,108693.1,0.00175197,buy,743380122
'2025-05-24 12:19:05.540,108693.2,0.18327743,buy,743380124
'2025-05-24 12:19:05.540,108693.3,0.138,buy,743380125
'2025-05-24 12:19:05.540,108694,0.0564,buy,743380126
'2025-05-24 12:19:06.228,108694,0.00919845,sell,743380127
'2025-05-24 12:19:06.834,108694,0.414,sell,743380128
'2025-05-24 12:19:06.834,108694,0.368,sell,743380129
'2025-05-24 12:19:06.834,108694,0.16,sell,743380130
'2025-05-24 12:19:06.834,108694,0.04,sell,743380131
'2025-05-24 12:19:06.834,108694,0.0737223,sell,743380135
'2025-05-24 12:19:06.834,108692.1,0.0062777,sell,743380138
'2025-05-24 12:19:06.834,108692.1,0.00116993,sell,743380139
'2025-05-24 12:19:06.834,108690.7,0.01034044,sell,743380140
'2025-05-24 12:19:06.834,108690,0.00001,sell,743380141
'2025-05-24 12:19:06.834,108688,0.03277215,sell,743380146
'2025-05-24 12:19:06.834,108686.6,0.01034044,sell,743380147
'2025-05-24 12:19:06.834,108686,0.0564,sell,743380148
'2025-05-24 12:19:06.834,108685.9,0.00089,sell,743380149
'2025-05-24 12:19:06.834,108682,0.03507704,sell,743380150
'2025-05-24 12:19:06.837,108681.3,0.011,sell,743380151
'2025-05-24 12:19:06.838,108681.3,0.01576391,sell,743380152
'2025-05-24 12:19:06.838,108680.5,0.00181,sell,743380153
'2025-05-24 12:19:06.838,108680.2,0.00087594,sell,743380154
'2025-05-24 12:19:06.838,108680,0.00051656,sell,743380156
'2025-05-24 12:19:06.838,108679.8,0.00377476,sell,743380157
'2025-05-24 12:19:06.838,108679.6,0.03365883,sell,743380158
'2025-05-24 12:19:06.838,108679.6,0.00923007,sell,743380159
'2025-05-24 12:19:06.840,108679.6,0.00511106,sell,743380160
'2025-05-24 12:19:06.840,108679.1,0.00002,sell,743380161
'2025-05-24 12:19:06.840,108678.8,0.00396961,sell,743380162
'2025-05-24 12:19:06.840,108678.8,0.02279492,sell,743380163
'2025-05-24 12:19:06.840,108678.5,0.002,sell,743380164
'2025-05-24 12:19:06.840,108676.2,0.01572174,sell,743380165
'2025-05-24 12:19:06.842,108676.2,0.011,sell,743380166
'2025-05-24 12:19:06.844,108676.2,0.00429132,sell,743380167
'2025-05-24 12:19:06.844,108676.2,0.02490703,sell,743380168
'2025-05-24 12:19:06.844,108676.2,0.1641,sell,743380169
'2025-05-24 12:19:06.877,108676.2,0.011,sell,743380171
'2025-05-24 12:19:06.878,108676.2,0.00228081,sell,743380173
'2025-05-24 12:19:06.878,108675.4,0.00002,sell,743380174
'2025-05-24 12:19:06.878,108673.9,0.01595087,sell,743380175
'2025-05-24 12:19:06.878,108673.9,0.00903584,sell,743380176
'2025-05-24 12:19:06.878,108673.9,0.0020331,sell,743380177
'2025-05-24 12:19:06.878,108673.9,0.0154728,sell,743380178
'2025-05-24 12:19:06.879,108673.4,0.03141794,sell,743380179
'2025-05-24 12:19:06.880,108673.4,0.01107487,sell,743380180
'2025-05-24 12:19:06.880,108670,0.00001,sell,743380181
'2025-05-24 12:19:06.880,108669.5,0.00377476,sell,743380182
'2025-05-24 12:19:06.880,108667.7,0.00112149,sell,743380183
'2025-05-24 12:19:06.880,108667.7,0.00334808,sell,743380184
'2025-05-24 12:19:06.894,108667.7,0.00291021,sell,743380186
'2025-05-24 12:19:06.894,108666,0.00034979,sell,743380187
'2025-05-24 12:19:06.895,108666,0.00015677,sell,743380188
'2025-05-24 12:19:06.895,108664.2,0.0022,sell,743380189
'2025-05-24 12:19:06.895,108664.1,0.00200432,sell,743380190
'2025-05-24 12:19:06.895,108663.3,0.00001,sell,743380191
'2025-05-24 12:19:06.895,108663,0.00482964,sell,743380192
'2025-05-24 12:19:06.895,108663,0.00517036,sell,743380193
'2025-05-24 12:19:06.895,108660,0.00074406,sell,743380197
'2025-05-24 12:19:06.895,108659.6,0.00329096,sell,743380198
'2025-05-24 12:19:08.034,108659.6,0.00003326,sell,743380199
'2025-05-24 12:19:08.679,108659.7,0.01109377,buy,743380202
'2025-05-24 12:19:09.250,108659.7,0.22728239,buy,743380211
'2025-05-24 12:19:09.263,108660,0.00002,buy,743380213
'2025-05-24 12:19:09.997,108663,0.02856791,sell,743380214
'2025-05-24 12:19:09.997,108663,0.02568553,sell,743380215
'2025-05-24 12:19:09.997,108663,0.01919224,sell,743380216
'2025-05-24 12:19:10.004,108663,0.00054601,sell,743380218
'2025-05-24 12:19:10.013,108660,0.00002,sell,743380220
'2025-05-24 12:19:10.034,108659.6,0.01177504,sell,743380226
'2025-05-24 12:19:10.034,108655.2,0.0005,sell,743380227
'2025-05-24 12:19:10.034,108655,0.00001,sell,743380228
'2025-05-24 12:19:10.043,108654,0.00107103,sell,743380229
'2025-05-24 12:19:10.993,108653.7,0.00051583,buy,743380231
'2025-05-24 12:19:13.732,108653.7,0.00920013,buy,743380232
'2025-05-24 12:19:14.072,108653.7,0.0000346,buy,743380233
'2025-05-24 12:19:14.231,108653.7,0.00576738,buy,743380234
'2025-05-24 12:19:15.365,108653.7,0.00022916,buy,743380235
'2025-05-24 12:19:15.690,108653.6,0.19293402,sell,743380244
'2025-05-24 12:19:18.324,108652,0.02725598,sell,743380248
'2025-05-24 12:19:18.324,108651.9,0.00001,sell,743380249
'2025-05-24 12:19:18.324,108651.4,0.005,sell,743380250
'2025-05-24 12:19:18.324,108651.3,0.007,sell,743380252
'2025-05-24 12:19:18.324,108650,0.00001,sell,743380253
'2025-05-24 12:19:19.542,108648,0.00029153,sell,743380254
'2025-05-24 12:19:19.911,108648,0.00046,sell,743380255
'2025-05-24 12:19:19.911,108648,0.132,sell,743380258
'2025-05-24 12:19:19.924,108644,0.000229,sell,743380259
'2025-05-24 12:19:19.931,108644,0.00033786,sell,743380260
'2025-05-24 12:19:20.043,108644,0.01838841,sell,743380261
'2025-05-24 12:19:20.046,108644,0.00184352,sell,743380262
'2025-05-24 12:19:20.046,108640,0.00032785,sell,743380265
'2025-05-24 12:19:20.046,108639.9,0.00200503,sell,743380266
'2025-05-24 12:19:20.046,108638.3,0.01,sell,743380268
'2025-05-24 12:19:20.046,108638.2,0.002,sell,743380269
'2025-05-24 12:19:20.049,108638.1,0.05357628,sell,743380270
'2025-05-24 12:19:20.049,108638.1,0.01569032,sell,743380272
'2025-05-24 12:19:20.053,108638,0.00050656,sell,743380273
'2025-05-24 12:19:20.053,108637.4,0.00059095,sell,743380274
'2025-05-24 12:19:20.053,108637.3,0.00001018,sell,743380275
'2025-05-24 12:19:20.053,108636.7,0.00002208,sell,743380276
'2025-05-24 12:19:20.053,108636.5,0.00002452,sell,743380278
'2025-05-24 12:19:20.053,108636.3,0.00431945,sell,743380290
'2025-05-24 12:19:20.053,108636.1,0.00051332,sell,743380292
'2025-05-24 12:19:20.053,108635.6,0.00060834,sell,743380294
'2025-05-24 12:19:20.053,108635.3,0.00005667,sell,743380298
'2025-05-24 12:19:20.053,108635.2,0.00370577,sell,743380299
'2025-05-24 12:19:20.063,108634.6,0.00009971,sell,743380304
'2025-05-24 12:19:20.063,108634.5,0.00003263,sell,743380307
'2025-05-24 12:19:20.063,108634.4,0.00001,sell,743380308
'2025-05-24 12:19:20.063,108634.3,0.00001273,sell,743380309
'2025-05-24 12:19:20.063,108634.2,0.00010024,sell,743380310
'2025-05-24 12:19:20.063,108633.6,0.00004531,sell,743380311
'2025-05-24 12:19:20.063,108633.3,0.00101439,sell,743380318
'2025-05-24 12:19:20.063,108633.2,0.00002858,sell,743380319
'2025-05-24 12:19:20.425,108633.1,0.00009205,buy,743380320
'2025-05-24 12:19:20.739,108633.1,0.000102,buy,743380321
'2025-05-24 12:19:20.765,108633.1,0.12404145,buy,743380326
'2025-05-24 12:19:21.270,108633,0.00010712,sell,743380327
'2025-05-24 12:19:21.706,108633.1,0.0829316,buy,743380330
'2025-05-24 12:19:22.037,108633.1,0.16656584,buy,743380336
'2025-05-24 12:19:22.038,108635.3,0.00327389,buy,743380337
'2025-05-24 12:19:22.038,108636,0.03936806,buy,743380339
'2025-05-24 12:19:22.073,108639.9,0.00398,buy,743380340
'2025-05-24 12:19:22.074,108639.9,0.05244711,buy,743380342
'2025-05-24 12:19:22.107,108639.9,0.0481,buy,743380344
'2025-05-24 12:19:22.107,108639.9,0.01036579,buy,743380346
'2025-05-24 12:19:22.107,108640,0.00001,buy,743380347
'2025-05-24 12:19:22.109,108642.3,0.0035005,buy,743380348
'2025-05-24 12:19:22.109,108642.7,0.16,buy,743380349
'2025-05-24 12:19:22.111,108643.7,0.005,buy,743380350
'2025-05-24 12:19:23.044,108647.6,0.11431955,buy,743380354
'2025-05-24 12:19:23.052,108648.9,0.0003,buy,743380355
'2025-05-24 12:19:23.055,108649.3,0.06047,buy,743380356
'2025-05-24 12:19:23.058,108649.6,0.03026725,buy,743380357
'2025-05-24 12:19:23.058,108649.8,0.03026718,buy,743380358
'2025-05-24 12:19:23.058,108650,0.00001,buy,743380359
'2025-05-24 12:19:23.061,108652,0.00251151,buy,743380361
'2025-05-24 12:19:23.061,108653.6,0.00005003,buy,743380362
'2025-05-24 12:19:23.061,108653.9,0.03026605,buy,743380363
'2025-05-24 12:19:23.061,108654.3,0.0005,buy,743380364
'2025-05-24 12:19:23.061,108655.7,0.00445222,buy,743380366
'2025-05-24 12:19:23.061,108655.8,0.00377476,buy,743380367
'2025-05-24 12:19:23.061,108656.7,0.00013432,buy,743380368
'2025-05-24 12:19:23.063,108656.7,0.00486568,buy,743380369
'2025-05-24 12:19:23.065,108657.9,0.00324097,buy,743380371
'2025-05-24 12:19:23.065,108658,0.002,buy,743380373
'2025-05-24 12:19:23.065,108658.8,0.00736325,buy,743380374
'2025-05-24 12:19:23.065,108658.9,0.02907073,buy,743380375
'2025-05-24 12:19:23.066,108658.9,0.01371796,buy,743380376
'2025-05-24 12:19:23.066,108659,0.00036609,buy,743380377
'2025-05-24 12:19:23.068,108660,0.00030609,buy,743380380
'2025-05-24 12:19:23.068,108661,0.00063391,buy,743380381
'2025-05-24 12:19:23.072,108661.2,0.00186,buy,743380382
'2025-05-24 12:19:23.072,108661.8,0.00153299,buy,743380383
'2025-05-24 12:19:23.072,108661.9,0.00580988,buy,743380384
'2025-05-24 12:19:23.133,108662.1,0.00271522,buy,743380385
'2025-05-24 12:19:23.133,108664.1,0.00200456,buy,743380386
'2025-05-24 12:19:23.133,108665,0.00736295,buy,743380387
'2025-05-24 12:19:23.133,108666,0.0041279,buy,743380389
'2025-05-24 12:19:23.143,108668,0.002,buy,743380391
'2025-05-24 12:19:23.184,108668.3,0.00285407,buy,743380392
'2025-05-24 12:19:23.184,108670,0.00001,buy,743380393
'2025-05-24 12:19:23.797,108672.2,0.062597,sell,743380395
'2025-05-24 12:19:24.232,108672.3,0.00589645,buy,743380399
'2025-05-24 12:19:24.283,108674.4,0.00596626,buy,743380401
'2025-05-24 12:19:24.283,108676.2,0.00200423,buy,743380402
'2025-05-24 12:19:24.332,108677.7,0.00151916,buy,743380403
'2025-05-24 12:19:24.333,108679.3,0.00376018,buy,743380404
'2025-05-24 12:19:24.382,108680,0.00189304,buy,743380409
'2025-05-24 12:19:24.813,108683.9,0.00218,buy,743380411
'2025-05-24 12:19:24.864,108687.5,0.005,buy,743380412
'2025-05-24 12:19:24.864,108687.9,0.00001,buy,743380413
'2025-05-24 12:19:24.893,108688.3,0.0020039,buy,743380414
'2025-05-24 12:19:24.893,108689.1,0.00000001,buy,743380415
'2025-05-24 12:19:24.923,108690,0.00001,buy,743380416
'2025-05-24 12:19:24.932,108693.2,0.0000125,buy,743380417
'2025-05-24 12:19:25.028,108693.9,0.04023724,sell,743380419
'2025-05-24 12:19:25.033,108694,0.00003746,buy,743380420
'2025-05-24 12:19:25.147,108694,0.0000644,buy,743380421
'2025-05-24 12:19:25.200,108693.9,0.0008,sell,743380422
'2025-05-24 12:19:25.227,108694,0.000092,buy,743380423
'2025-05-24 12:19:26.953,108694,0.01004109,buy,743380429
'2025-05-24 12:19:26.983,108695.3,0.00060586,buy,743380431
'2025-05-24 12:19:26.983,108696.2,0.002,buy,743380432
'2025-05-24 12:19:27.412,108697.9,0.00119691,buy,743380433
'2025-05-24 12:19:27.412,108700,0.00029609,buy,743380435
'2025-05-24 12:19:27.413,108700.4,0.00200356,buy,743380436
'2025-05-24 12:19:27.652,108700.8,0.00151361,buy,743380438
'2025-05-24 12:19:27.677,108703.9,0.00459822,sell,743380439
'2025-05-24 12:19:27.817,108704,0.01115782,buy,743380440
'2025-05-24 12:19:28.207,108704,0.00009199,buy,743380441
'2025-05-24 12:19:28.262,108704,0.00156029,buy,743380443
'2025-05-24 12:19:28.262,108704.5,0.00001,buy,743380444
'2025-05-24 12:19:28.518,108707.9,0.00078721,sell,743380445
'2025-05-24 12:19:29.083,108708,0.0027718,buy,743380449
'2025-05-24 12:19:29.083,108708.1,0.00002272,buy,743380451
'2025-05-24 12:19:29.083,108709.3,0.002,buy,743380452
'2025-05-24 12:19:29.460,108709.3,0.18,sell,743380456
'2025-05-24 12:19:29.482,108709.4,0.00064182,buy,743380457
'2025-05-24 12:19:29.482,108710,0.00001,buy,743380458
'2025-05-24 12:19:29.482,108710.9,0.00001136,buy,743380459
'2025-05-24 12:19:29.952,108712.2,0.01246757,buy,743380462
'2025-05-24 12:19:29.952,108712.5,0.00200323,buy,743380463
'2025-05-24 12:19:29.952,108712.7,0.00001,buy,743380464
'2025-05-24 12:19:30.328,108714.6,0.00045767,buy,743380465
'2025-05-24 12:19:31.006,108714.5,0.008108,sell,743380466
'2025-05-24 12:19:31.274,108714.5,0.00001136,sell,743380467
'2025-05-24 12:19:31.489,108714.5,0.00001137,sell,743380468
'2025-05-24 12:19:31.977,108714.5,0.15927614,sell,743380474
'2025-05-24 12:19:31.977,108714.5,0.00367797,sell,743380476
'2025-05-24 12:19:31.977,108712.5,0.003986,sell,743380477
'2025-05-24 12:19:31.977,108710,0.00001,sell,743380478
'2025-05-24 12:19:31.996,108707.3,0.0005,sell,743380479
'2025-05-24 12:19:31.996,108707.2,0.00002,sell,743380480
'2025-05-24 12:19:33.581,108702.1,0.00090154,buy,743380482
'2025-05-24 12:19:38.773,108702.1,0.00823373,buy,743380489
'2025-05-24 12:19:38.812,108704.2,0.005,buy,743380490
'2025-05-24 12:19:38.812,108704.3,0.002,buy,743380491
'2025-05-24 12:19:40.883,108706,0.00018,buy,743380492
'2025-05-24 12:19:40.893,108708.6,0.00001,buy,743380493
'2025-05-24 12:19:41.285,108709.7,0.00018106,sell,743380494
'2025-05-24 12:19:41.422,108709.8,0.00018,buy,743380495
'2025-05-24 12:19:41.422,108710,0.00001,buy,743380496
'2025-05-24 12:19:42.163,108710.6,0.00002167,sell,743380497
'2025-05-24 12:19:43.003,108710.7,0.02522941,buy,743380499
'2025-05-24 12:19:43.023,108712.5,0.00407469,buy,743380501
'2025-05-24 12:19:44.033,108714.5,0.00001136,sell,743380502
'2025-05-24 12:19:44.540,108714.5,0.00001137,sell,743380503
'2025-05-24 12:19:44.727,108714.6,0.16114671,buy,743380506
'2025-05-24 12:19:44.727,108716.1,0.0137723,buy,743380507
'2025-05-24 12:19:44.727,108716.1,0.01882773,buy,743380508
'2025-05-24 12:19:44.727,108716.9,0.00001,buy,743380509
'2025-05-24 12:19:44.727,108717.3,0.005,buy,743380510
'2025-05-24 12:19:44.727,108717.4,0.002,buy,743380511
'2025-05-24 12:19:44.727,108718.2,0.02286636,buy,743380512
'2025-05-24 12:19:44.727,108718.6,0.03354837,buy,743380513
'2025-05-24 12:19:44.727,108718.6,0.01707816,buy,743380514
'2025-05-24 12:19:44.727,108720,0.00034785,buy,743380518
'2025-05-24 12:19:44.727,108720.7,0.00372873,buy,743380519
'2025-05-24 12:19:44.727,108721,0.00001,buy,743380520
'2025-05-24 12:19:44.728,108722,0.00050656,buy,743380521
'2025-05-24 12:19:44.728,108722.8,0.00094,buy,743380522
'2025-05-24 12:19:44.728,108724.4,0.00002272,buy,743380524
'2025-05-24 12:19:44.728,108725.1,0.00001,buy,743380525
'2025-05-24 12:19:44.728,108725.3,0.04416547,buy,743380526
'2025-05-24 12:19:44.728,108728.1,0.02759579,buy,743380527
'2025-05-24 12:19:44.728,108728.2,0.00186,buy,743380528
'2025-05-24 12:19:44.728,108728.7,0.00448327,buy,743380530
'2025-05-24 12:19:44.728,108728.9,0.00454128,buy,743380532
'2025-05-24 12:19:44.728,108729,0.002,buy,743380534
'2025-05-24 12:19:44.728,108729.3,0.00001,buy,743380535
'2025-05-24 12:19:44.728,108730,0.00101,buy,743380537
'2025-05-24 12:19:44.728,108730.5,0.007,buy,743380538
'2025-05-24 12:19:44.728,108730.6,0.02555409,buy,743380539
'2025-05-24 12:19:44.728,108730.6,0.02455352,buy,743380540
'2025-05-24 12:19:44.729,108730.6,0.04186239,buy,743380541
'2025-05-24 12:19:44.729,108730.7,0.04323761,buy,743380542
'2025-05-24 12:19:44.729,108730.7,0.01598175,buy,743380543
'2025-05-24 12:19:44.729,108730.7,0.00815417,buy,743380544
'2025-05-24 12:19:44.730,108725.1,0.00148929,buy,743380545
'2025-05-24 12:19:44.744,108733.1,0.00023001,buy,743380547
'2025-05-24 12:19:44.755,108735.7,0.00016,buy,743380548
'2025-05-24 12:19:44.764,108736,0.00050656,buy,743380549
'2025-05-24 12:19:44.764,108736.8,0.0001375,buy,743380550
'2025-05-24 12:19:44.783,108739,0.0001375,buy,743380551
'2025-05-24 12:19:45.018,108739.9,0.0002,sell,743380553
'2025-05-24 12:19:45.707,108739.9,0.00001137,sell,743380554
'2025-05-24 12:19:47.328,108739.9,0.00436923,sell,743380559
'2025-05-24 12:19:48.320,108739.9,0.00028583,sell,743380561
'2025-05-24 12:19:48.320,108737.7,0.005,sell,743380562
'2025-05-24 12:19:48.320,108737.6,0.002,sell,743380563
'2025-05-24 12:19:48.320,108736.2,0.0004927,sell,743380564
'2025-05-24 12:19:48.320,108734.6,0.03181444,sell,743380565
'2025-05-24 12:19:48.320,108732.8,0.007357,sell,743380566
'2025-05-24 12:19:48.320,108732.7,0.01103279,sell,743380567
'2025-05-24 12:19:48.320,108731.7,0.00089,sell,743380568
'2025-05-24 12:19:48.320,108731.3,0.02676687,sell,743380569
'2025-05-24 12:19:48.320,108730.1,0.07956995,sell,743380570
'2025-05-24 12:19:48.333,108730,0.00001,sell,743380571
'2025-05-24 12:19:48.333,108729.9,0.00002,sell,743380572
'2025-05-24 12:19:49.446,108724.6,0.00027744,sell,743380573
'2025-05-24 12:19:50.772,108724.6,0.00637018,sell,743380575
'2025-05-24 12:19:53.206,108724.6,0.00001137,sell,743380576
'2025-05-24 12:19:53.711,108724.7,0.00632849,buy,743380580
'2025-05-24 12:19:54.950,108724.6,0.0001,sell,743380581
'2025-05-24 12:19:55.852,108724.7,0.00129016,buy,743380583
'2025-05-24 12:19:55.883,108726.4,0.012,buy,743380584
'2025-05-24 12:19:55.883,108728.2,0.0005,buy,743380585
'2025-05-24 12:19:55.883,108729.3,0.00001,buy,743380586
'2025-05-24 12:19:55.893,108730,0.01603635,buy,743380593
'2025-05-24 12:19:56.022,108730,0.00001137,sell,743380594
'2025-05-24 12:19:56.092,108730.1,0.00133016,buy,743380596
'2025-05-24 12:19:56.092,108730.1,0.01099999,buy,743380597
'2025-05-24 12:19:56.232,108733,0.01233408,buy,743380599
'2025-05-24 12:19:56.660,108734.6,0.08746193,buy,743380603
'2025-05-24 12:19:56.660,108735.8,0.01111833,buy,743380604
'2025-05-24 12:19:56.660,108736.8,0.00200256,buy,743380605
'2025-05-24 12:19:56.660,108736.9,0.03249014,buy,743380606
'2025-05-24 12:19:56.661,108739.4,0.03248939,buy,743380607
'2025-05-24 12:19:56.661,108740,0.00050502,buy,743380612
'2025-05-24 12:19:56.673,108741.6,0.00001,buy,743380613
'2025-05-24 12:19:56.683,108742.2,0.002,buy,743380614
'2025-05-24 12:19:56.683,108744.2,0.00001001,buy,743380615
'2025-05-24 12:19:57.122,108745.9,0.00116455,sell,743380618
'2025-05-24 12:19:57.126,108745.9,0.00116455,sell,743380619
'2025-05-24 12:19:57.130,108745.9,0.00116455,sell,743380620
'2025-05-24 12:19:57.472,108745.9,0.00004597,sell,743380621
'2025-05-24 12:19:57.472,108745,0.00004827,sell,743380622
'2025-05-24 12:19:58.031,108744,0.01103652,sell,743380623
'2025-05-24 12:19:58.264,108741.5,0.00001136,sell,743380624
'2025-05-24 12:19:58.272,108741.5,0.00048864,sell,743380625
'2025-05-24 12:20:02.795,108736.9,0.52598973,buy,743380636
'2025-05-24 12:20:02.795,108737.8,0.03128867,buy,743380637
'2025-05-24 12:20:02.795,108738,0.0564,buy,743380638
'2025-05-24 12:20:02.795,108739.1,0.002,buy,743380639
'2025-05-24 12:20:02.795,108740,0.00001,buy,743380640
'2025-05-24 12:20:02.795,108741.2,0.02936069,buy,743380641
'2025-05-24 12:20:03.452,108741.9,0.00027859,sell,743380642
'2025-05-24 12:20:04.816,108741.9,0.00037963,sell,743380643
'2025-05-24 12:20:05.866,108741.9,0.00005598,sell,743380645
'2025-05-24 12:20:05.866,108741.5,0.26147019,sell,743380646
'2025-05-24 12:20:05.896,108741.5,0.10717687,sell,743380647
'2025-05-24 12:20:05.903,108740,0.00001,sell,743380648
'2025-05-24 12:20:05.913,108739.6,0.005,sell,743380649
'2025-05-24 12:20:05.913,108736.8,0.00398551,sell,743380650
'2025-05-24 12:20:06.032,108735.1,0.08230992,sell,743380651
'2025-05-24 12:20:06.032,108735.1,0.09273653,sell,743380653
'2025-05-24 12:20:06.033,108734.5,0.002,sell,743380654
'2025-05-24 12:20:06.039,108730,0.00001,sell,743380655
'2025-05-24 12:20:06.069,108726.9,0.00377474,sell,743380656
'2025-05-24 12:20:06.069,108726.6,0.005,sell,743380657
'2025-05-24 12:20:06.069,108725.2,0.00001,sell,743380658
'2025-05-24 12:20:06.072,108724.7,0.00009063,sell,743380659
'2025-05-24 12:20:06.072,108722.7,0.0003,sell,743380660
'2025-05-24 12:20:06.072,108722,0.00050656,sell,743380661
'2025-05-24 12:20:06.072,108721.7,0.00004828,sell,743380662
'2025-05-24 12:20:06.104,108721.4,0.002,sell,743380663
'2025-05-24 12:20:06.254,108720.1,0.00463,buy,743380664
'2025-05-24 12:20:06.493,108720,0.01826564,sell,743380667
'2025-05-24 12:20:06.493,108720,0.06739987,sell,743380670
'2025-05-24 12:20:06.493,108719.1,0.005,sell,743380671
'2025-05-24 12:20:06.493,108718,0.00115929,sell,743380672
'2025-05-24 12:20:06.504,108717,0.00001,sell,743380673
'2025-05-24 12:20:07.095,108712.1,0.01799,buy,743380674
'2025-05-24 12:20:07.113,108712,0.00410517,sell,743380675
'2025-05-24 12:20:07.953,108708,0.00050656,sell,743380676
'2025-05-24 12:20:08.022,108707.8,0.016,sell,743380678
'2025-05-24 12:20:08.022,108705.6,0.00004829,sell,743380679
'2025-05-24 12:20:08.108,108704,0.01054987,sell,743380680
'2025-05-24 12:20:09.812,108701.1,0.10152865,sell,743380687
'2025-05-24 12:20:09.812,108700.4,0.01,sell,743380688
'2025-05-24 12:20:09.812,108700.1,0.03467979,sell,743380689
'2025-05-24 12:20:09.812,108700,0.05180156,sell,743380692
'2025-05-24 12:20:12.123,108700.1,0.02253907,buy,743380693
'2025-05-24 12:20:12.300,108700.1,0.05879055,buy,743380696
'2025-05-24 12:20:12.653,108700.1,0.04350452,buy,743380700
'2025-05-24 12:20:12.663,108709.4,0.02703888,buy,743380703
'2025-05-24 12:20:12.663,108710,0.00001,buy,743380704
'2025-05-24 12:20:12.732,108712,0.02944966,buy,743380707
'2025-05-24 12:20:12.842,108712.5,0.00023007,buy,743380708
'2025-05-24 12:20:14.543,108712.9,0.0003638,buy,743380710
'2025-05-24 12:20:14.543,108717,0.02634669,buy,743380711
'2025-05-24 12:20:14.543,108717.5,0.00372872,buy,743380712
'2025-05-24 12:20:14.594,108719,0.00459981,sell,743380713
'2025-05-24 12:20:14.903,108720,0.00030609,buy,743380716
'2025-05-24 12:20:14.914,108720.1,0.01201457,buy,743380717
'2025-05-24 12:20:14.914,108721,0.00001,buy,743380718
'2025-05-24 12:20:14.914,108722,0.00050656,buy,743380719
'2025-05-24 12:20:14.972,108723.9,0.0013272,buy,743380720
'2025-05-24 12:20:14.973,108724.1,0.00200296,buy,743380721
'2025-05-24 12:20:14.973,108724.5,0.005,buy,743380722
'2025-05-24 12:20:16.689,108724.5,0.01960486,sell,743380723
'2025-05-24 12:20:20.914,108724.6,0.01560207,buy,743380726
'2025-05-24 12:20:20.914,108726.7,0.005,buy,743380727
'2025-05-24 12:20:20.914,108726.8,0.007,buy,743380729
'2025-05-24 12:20:20.914,108727.3,0.02234776,buy,743380730
'2025-05-24 12:20:20.914,108729.3,0.00001,buy,743380731
'2025-05-24 12:20:20.914,108729.7,0.02755953,buy,743380732
'2025-05-24 12:20:20.914,108730,0.00150407,buy,743380735
'2025-05-24 12:20:20.915,108730,0.00265462,buy,743380738
'2025-05-24 12:20:20.915,108730.6,0.00840472,buy,743380739
'2025-05-24 12:20:20.934,108731.2,0.00251447,buy,743380740
'2025-05-24 12:20:20.934,108732.4,0.00004829,buy,743380741
'2025-05-24 12:20:20.934,108733.4,0.00001,buy,743380742
'2025-05-24 12:20:22.880,108735.3,0.00104113,sell,743380743
'2025-05-24 12:20:23.558,108735.3,0.00093201,sell,743380744
'2025-05-24 12:20:24.088,108735.4,0.0000424,buy,743380745
'2025-05-24 12:20:24.088,108735.4,0.0000424,buy,743380746
'2025-05-24 12:20:24.088,108735.4,0.0000424,buy,743380747
'2025-05-24 12:20:24.088,108735.4,0.0000424,buy,743380748
'2025-05-24 12:20:24.088,108735.4,0.0000424,buy,743380749
'2025-05-24 12:20:24.088,108735.4,0.00001948,buy,743380750
'2025-05-24 12:20:25.027,108735.4,0.00002135,buy,743380751
'2025-05-24 12:20:25.031,108735.4,0.01694631,buy,743380752
'2025-05-24 12:20:25.033,108735.4,0.0211879,buy,743380753
'2025-05-24 12:20:25.033,108735.4,0.03607804,buy,743380754
'2025-05-24 12:20:25.033,108735.4,0.08052312,buy,743380758
'2025-05-24 12:20:25.034,108736,0.00050656,buy,743380759
'2025-05-24 12:20:25.034,108736.2,0.00200257,buy,743380760
'2025-05-24 12:20:25.043,108737.6,0.002,buy,743380761
'2025-05-24 12:20:25.054,108739.8,0.01,buy,743380763
'2025-05-24 12:20:25.054,108740,0.00029609,buy,743380765
'2025-05-24 12:20:25.143,108741.2,0.00265141,buy,743380766
'2025-05-24 12:20:25.203,108746,0.0022345,buy,743380769
'2025-05-24 12:20:25.422,108746.3,0.00016272,buy,743380772
'2025-05-24 12:20:25.422,108747.4,0.00003,buy,743380773
'2025-05-24 12:20:25.423,108748.3,0.00200224,buy,743380774
'2025-05-24 12:20:25.423,108748.4,0.00244331,buy,743380775
'2025-05-24 12:20:25.633,108748.5,0.000205,buy,743380778
'2025-05-24 12:20:25.633,108748.7,0.00004828,buy,743380779
'2025-05-24 12:20:25.633,108749.9,0.00007548,buy,743380781
'2025-05-24 12:20:25.633,108750,0.00051656,buy,743380783
'2025-05-24 12:20:25.673,108750.7,0.002,buy,743380784
'2025-05-24 12:20:25.680,108754.5,0.00919502,buy,743380785
'2025-05-24 12:20:25.745,108756.5,0.00001136,buy,743380786
'2025-05-24 12:20:25.783,108760,0.00032785,buy,743380789
'2025-05-24 12:20:25.804,108760.3,0.00229949,buy,743380790
'2025-05-24 12:20:25.804,108760.4,0.0020019,buy,743380791
'2025-05-24 12:20:25.804,108761.6,0.00001136,buy,743380792
'2025-05-24 12:20:25.823,108763,0.00001136,buy,743380793
'2025-05-24 12:20:25.823,108764,0.00050656,buy,743380794
'2025-05-24 12:20:25.823,108766.4,0.00001,buy,743380795
'2025-05-24 12:20:25.823,108766.9,0.0003,buy,743380796
'2025-05-24 12:20:25.882,108770,0.00001,buy,743380797
'2025-05-24 12:20:25.882,108770.6,0.00001001,buy,743380799
'2025-05-24 12:20:25.933,108772.1,0.00003,buy,743380800
'2025-05-24 12:20:25.933,108772.5,0.00200157,buy,743380801
'2025-05-24 12:20:25.983,108778,0.00050656,buy,743380802
'2025-05-24 12:20:25.983,108778.8,0.00001,buy,743380803
'2025-05-24 12:20:27.538,108779.6,0.02167052,buy,743380809
'2025-05-24 12:20:27.538,108780,0.00031609,buy,743380812
'2025-05-24 12:20:27.543,108784.6,0.00200124,buy,743380813
'2025-05-24 12:20:28.954,108785.3,0.07695176,sell,743380814
'2025-05-24 12:20:28.954,108785.3,0.0545326,sell,743380817
'2025-05-24 12:20:28.954,108785.3,0.02828292,sell,743380818
'2025-05-24 12:20:28.955,108785.3,0.05548311,sell,743380824
'2025-05-24 12:20:28.955,108784.6,0.00398455,sell,743380825
'2025-05-24 12:20:28.955,108783,0.005,sell,743380826
'2025-05-24 12:20:28.955,108781,0.02682763,sell,743380827
'2025-05-24 12:20:28.955,108780,0.00002,sell,743380829
'2025-05-24 12:20:28.955,108779.5,0.01712127,sell,743380830
'2025-05-24 12:20:28.955,108778.9,0.02995099,sell,743380831
'2025-05-24 12:20:28.958,108778.9,0.00508008,sell,743380832
'2025-05-24 12:20:28.958,108778.8,0.03505807,sell,743380833
'2025-05-24 12:20:28.959,108778.8,0.01940998,sell,743380835
'2025-05-24 12:20:28.959,108778.5,0.02647126,sell,743380836
'2025-05-24 12:20:28.959,108778,0.10890682,sell,743380837
'2025-05-24 12:20:28.959,108778,0.00841394,sell,743380838
'2025-05-24 12:20:28.959,108778,0.00895874,sell,743380839
'2025-05-24 12:20:28.959,108778,0.00740682,sell,743380840
'2025-05-24 12:20:28.959,108778,0.1367,sell,743380842
'2025-05-24 12:20:28.959,108778,0.04312127,sell,743380843
'2025-05-24 12:20:28.959,108778,0.05340444,sell,743380844
'2025-05-24 12:20:28.959,108776.3,0.00089,sell,743380845
'2025-05-24 12:20:28.959,108775.9,0.00112234,sell,743380846
'2025-05-24 12:20:28.959,108775.8,0.00868833,sell,743380847
'2025-05-24 12:20:28.959,108775.8,0.00776605,sell,743380848
'2025-05-24 12:20:28.960,108773.8,0.0021993,sell,743380850
'2025-05-24 12:20:28.960,108773.2,0.00765686,sell,743380851
'2025-05-24 12:20:28.960,108773.2,0.00476444,sell,743380852
'2025-05-24 12:20:28.961,108773.2,0.00622168,sell,743380853
'2025-05-24 12:20:28.961,108773.2,0.01138313,sell,743380854
'2025-05-24 12:20:28.961,108773.2,0.00381399,sell,743380855
'2025-05-24 12:20:28.961,108773.2,0.01167787,sell,743380856
'2025-05-24 12:20:28.961,108773.2,0.01030293,sell,743380857
'2025-05-24 12:20:28.961,108773.2,0.02144818,sell,743380858
'2025-05-24 12:20:28.962,108773.2,0.01977561,sell,743380859
'2025-05-24 12:20:28.962,108773.2,0.02532784,sell,743380860
'2025-05-24 12:20:28.962,108773.2,0.00919163,sell,743380861
'2025-05-24 12:20:28.962,108773.2,0.00400682,sell,743380862
'2025-05-24 12:20:28.962,108773.2,0.01051158,sell,743380863
'2025-05-24 12:20:28.962,108773.2,0.00390682,sell,743380864
'2025-05-24 12:20:28.962,108773.2,0.00988543,sell,743380866
'2025-05-24 12:20:28.963,108773.2,0.00889625,sell,743380867
'2025-05-24 12:20:28.963,108773.2,0.0851,sell,743380868
'2025-05-24 12:20:28.963,108773.2,0.01135191,sell,743380869
'2025-05-24 12:20:28.964,108773.2,0.09885574,sell,743380870
'2025-05-24 12:20:28.965,108771.7,0.000015,sell,743380871
'2025-05-24 12:20:28.965,108770.9,0.00181,sell,743380872
'2025-05-24 12:20:28.965,108770,0.00501,sell,743380874
'2025-05-24 12:20:28.965,108767.6,0.05921406,sell,743380875
'2025-05-24 12:20:28.975,108767.4,0.00002,sell,743380876
'2025-05-24 12:20:28.975,108766.9,0.0003,sell,743380877
'2025-05-24 12:20:28.983,108764,0.00050656,sell,743380878
'2025-05-24 12:20:28.995,108760,0.00029609,sell,743380880
'2025-05-24 12:20:29.182,108756.5,0.00695846,sell,743380883
'2025-05-24 12:20:29.233,108754.1,0.00001,sell,743380884
'2025-05-24 12:20:29.633,108754.1,0.000205,buy,743380887
'2025-05-24 12:20:29.803,108754.2,0.03984673,buy,743380889
'2025-05-24 12:20:29.813,108754.2,0.00110185,buy,743380890
'2025-05-24 12:20:29.813,108756.5,0.00398511,buy,743380891
'2025-05-24 12:20:29.813,108756.6,0.00054725,buy,743380892
'2025-05-24 12:20:29.910,108757.6,0.00001999,buy,743380893
'2025-05-24 12:20:30.829,108757.5,0.00001136,sell,743380894
'2025-05-24 12:20:30.853,108757.6,0.00055221,buy,743380896
'2025-05-24 12:20:32.993,108758.6,0.00352133,buy,743380901
'2025-05-24 12:20:33.013,108759.7,0.005,buy,743380902
'2025-05-24 12:20:33.013,108760,0.00001,buy,743380903
'2025-05-24 12:20:33.353,108762.2,0.0000125,buy,743380904
'2025-05-24 12:20:33.383,108768.6,0.00200173,buy,743380905
'2025-05-24 12:20:33.707,108769.9,0.01764865,sell,743380908
'2025-05-24 12:20:33.708,108768.6,0.00398487,sell,743380909
'2025-05-24 12:20:33.708,108762.3,0.00056117,sell,743380910
'2025-05-24 12:20:33.708,108762.2,0.00014826,sell,743380911
'2025-05-24 12:20:33.708,108762.2,0.0081259,sell,743380912
'2025-05-24 12:20:33.708,108762.2,0.00172584,sell,743380913
'2025-05-24 12:20:33.708,108761.7,0.00377474,sell,743380914
'2025-05-24 12:20:33.708,108760,0.00001,sell,743380915
'2025-05-24 12:20:33.708,108759.7,0.00563776,sell,743380916
'2025-05-24 12:20:33.708,108759.6,0.00089,sell,743380917
'2025-05-24 12:20:33.713,108757.9,0.00002,sell,743380918
'2025-05-24 12:20:33.724,108756.2,0.002,sell,743380919
'2025-05-24 12:20:33.745,108752,0.00002,sell,743380920
'2025-05-24 12:20:33.753,108750,0.00051656,sell,743380922
'2025-05-24 12:20:34.168,108746.6,0.12607255,buy,743380929
'2025-05-24 12:20:34.391,108746.6,0.00335639,buy,743380930
'2025-05-24 12:20:34.612,108746.6,0.00461727,buy,743380934
'2025-05-24 12:20:34.612,108748,0.00613792,buy,743380935
'2025-05-24 12:20:34.722,108748,0.0000125,buy,743380936
'2025-05-24 12:20:38.181,108749.8,0.00770376,sell,743380939
'2025-05-24 12:20:38.605,108749.9,0.0538328,buy,743380946
'2025-05-24 12:20:38.606,108749.9,0.00266542,buy,743380948
'2025-05-24 12:20:38.606,108750,0.00001,buy,743380949
'2025-05-24 12:20:38.607,108752.1,0.02621786,buy,743380950
'2025-05-24 12:20:38.607,108752.4,0.00666517,buy,743380951
'2025-05-24 12:20:38.607,108752.5,0.0005,buy,743380952
'2025-05-24 12:20:38.607,108753.3,0.04,buy,743380953
'2025-05-24 12:20:38.693,108758.1,0.00287522,buy,743380956
'2025-05-24 12:20:40.070,108758.9,0.00074,sell,743380957
'2025-05-24 12:20:42.623,108759,0.00061658,buy,743380961
'2025-05-24 12:20:42.623,108759.8,0.00001001,buy,743380962
'2025-05-24 12:20:42.627,108759.8,0.00062659,buy,743380963
'2025-05-24 12:20:42.630,108759.8,0.00001001,buy,743380964
'2025-05-24 12:20:43.511,108759.8,0.0301,buy,743380967
'2025-05-24 12:20:43.522,108759.8,0.00002872,buy,743380968
'2025-05-24 12:20:43.522,108760,0.00001,buy,743380969
'2025-05-24 12:20:43.522,108760.5,0.00670165,buy,743380970
'2025-05-24 12:20:43.572,108761.8,0.00091531,buy,743380971
'2025-05-24 12:20:43.572,108762,0.00400191,buy,743380973
'2025-05-24 12:20:44.116,108762.5,0.08051418,buy,743380977
'2025-05-24 12:20:44.116,108763.3,0.0223147,buy,743380978
'2025-05-24 12:20:44.116,108763.9,0.02231458,buy,743380979
'2025-05-24 12:20:44.116,108764,0.00050656,buy,743380980
'2025-05-24 12:20:44.116,108766,0.05119993,buy,743380981
'2025-05-24 12:20:44.116,108766.4,0.00001,buy,743380982
'2025-05-24 12:20:44.116,108767.5,0.01048055,buy,743380983
'2025-05-24 12:20:44.116,108770,0.00378473,buy,743380985
'2025-05-24 12:20:44.116,108770.6,0.00001,buy,743380986
'2025-05-24 12:20:44.116,108770.7,0.00094,buy,743380987
'2025-05-24 12:20:44.116,108771.7,0.00711049,buy,743380988
'2025-05-24 12:20:44.118,108766.3,0.04,buy,743380989
'2025-05-24 12:20:44.118,108771.7,0.03489018,buy,743380990
'2025-05-24 12:20:44.120,108773.3,0.00244409,buy,743380991
'2025-05-24 12:20:44.120,108773.5,0.00147139,buy,743380992
'2025-05-24 12:20:44.193,108774.1,0.00200152,buy,743380993
'2025-05-24 12:20:44.204,108775.1,0.002,buy,743380994
'2025-05-24 12:20:44.213,108775.4,0.005,buy,743380995
'2025-05-24 12:20:44.233,108777.5,0.011,buy,743380996
'2025-05-24 12:20:44.233,108777.9,0.00229992,buy,743380997
'2025-05-24 12:20:44.233,108778,0.00050656,buy,743380998
'2025-05-24 12:20:44.831,108778.7,0.03321285,buy,743381001
'2025-05-24 12:20:44.831,108778.9,0.00002272,buy,743381003
'2025-05-24 12:20:44.832,108780,0.00030609,buy,743381006
'2025-05-24 12:20:44.832,108780.7,0.08,buy,743381007
'2025-05-24 12:20:44.832,108781.1,0.005,buy,743381008
'2025-05-24 12:20:44.842,108783,0.00001,buy,743381009
'2025-05-24 12:20:45.157,108785.3,0.0002,sell,743381010
'2025-05-24 12:20:46.010,108785.4,0.03352,buy,743381011
'2025-05-24 12:20:46.013,108785.4,0.18,buy,743381012
'2025-05-24 12:20:46.045,108785.4,0.36689,buy,743381015
'2025-05-24 12:20:46.053,108785.4,0.0001862,buy,743381017
'2025-05-24 12:20:46.063,108786.2,0.00236292,buy,743381019
'2025-05-24 12:20:46.063,108786.6,0.00201324,buy,743381021
'2025-05-24 12:20:46.063,108787.1,0.00004827,buy,743381022
'2025-05-24 12:20:46.063,108788.4,0.005,buy,743381023
'2025-05-24 12:20:46.063,108789.7,0.00002272,buy,743381025
'2025-05-24 12:20:46.063,108790,0.00001,buy,743381026
'2025-05-24 12:20:46.063,108791.2,0.00001,buy,743381027
'2025-05-24 12:20:46.063,108792,0.00050656,buy,743381028
'2025-05-24 12:20:46.066,108792.5,0.000463,sell,743381029
'2025-05-24 12:20:46.103,108792.6,0.00294615,buy,743381030
'2025-05-24 12:20:46.103,108794.1,0.005,buy,743381031
'2025-05-24 12:20:46.103,108794.3,0.00002272,buy,743381033
'2025-05-24 12:20:46.153,108794.9,0.00105853,buy,743381034
'2025-05-24 12:20:46.307,108795.4,0.08022984,buy,743381036
'2025-05-24 12:20:46.307,108795.9,0.00001136,buy,743381037
'2025-05-24 12:20:46.307,108796.3,0.00001136,buy,743381038
'2025-05-24 12:20:46.307,108798.3,0.00200086,buy,743381039
'2025-05-24 12:20:46.307,108798.9,0.00004826,buy,743381040
'2025-05-24 12:20:46.307,108800,0.00522614,buy,743381045
'2025-05-24 12:20:46.312,108800.8,0.00094,buy,743381046
'2025-05-24 12:20:46.312,108803.2,0.0002625,buy,743381047
'2025-05-24 12:20:46.372,108805.4,0.0112625,buy,743381049
'2025-05-24 12:20:47.774,108806,0.0058737,buy,743381054
'2025-05-24 12:20:47.783,108806.6,0.00007315,buy,743381055
'2025-05-24 12:20:47.793,108808,0.00398975,buy,743381059
'2025-05-24 12:20:47.793,108808.5,0.0000986,buy,743381060
'2025-05-24 12:20:48.523,108809.3,0.00096799,sell,743381061
'2025-05-24 12:20:48.860,108809.3,0.00022983,sell,743381062
'2025-05-24 12:20:49.643,108809.4,0.06561875,buy,743381067
'2025-05-24 12:20:49.643,108809.7,0.04561234,buy,743381068
'2025-05-24 12:20:49.643,108810,0.00002923,buy,743381070
'2025-05-24 12:20:49.643,108810.3,0.02982323,buy,743381071
'2025-05-24 12:20:49.643,108810.4,0.00200052,buy,743381072
'2025-05-24 12:20:49.643,108810.8,0.02982311,buy,743381073
'2025-05-24 12:20:49.643,108811.6,0.005,buy,743381074
'2025-05-24 12:20:49.653,108812.2,0.00002392,buy,743381075
'2025-05-24 12:20:49.694,108812.4,0.00136645,buy,743381076
'2025-05-24 12:20:49.694,108812.9,0.00108116,buy,743381077
'2025-05-24 12:20:49.694,108814.9,0.00004825,buy,743381078
'2025-05-24 12:20:49.694,108816.1,0.00001,buy,743381079
'2025-05-24 12:20:49.694,108816.9,0.0034525,buy,743381080
'2025-05-24 12:20:49.724,108818.1,0.01419935,buy,743381082
'2025-05-24 12:20:49.724,108819,0.00125206,buy,743381083
'2025-05-24 12:20:49.724,108820,0.00080265,buy,743381086
'2025-05-24 12:20:49.724,108820.1,0.00198,buy,743381087
'2025-05-24 12:20:49.724,108820.2,0.00001,buy,743381088
'2025-05-24 12:20:49.756,108821.9,0.206389,sell,743381093
'2025-05-24 12:20:49.763,108820,0.00001,sell,743381094
'2025-05-24 12:20:49.796,108819.1,0.0005,sell,743381095
'2025-05-24 12:20:50.234,108810.5,0.001,buy,743381096
'2025-05-24 12:20:50.907,108810.4,0.00917436,sell,743381099
'2025-05-24 12:20:50.908,108810,0.00001,sell,743381100
'2025-05-24 12:20:50.912,108806,0.00050656,sell,743381101
'2025-05-24 12:20:50.912,108803.9,0.0046187,sell,743381104
'2025-05-24 12:20:50.923,108800,0.00029609,sell,743381106
'2025-05-24 12:20:50.934,108798.8,0.00091001,sell,743381108
'2025-05-24 12:20:50.934,108798.8,0.01430999,sell,743381109
'2025-05-24 12:20:50.934,108798.3,0.0130005,sell,743381111
'2025-05-24 12:20:50.934,108798,0.02278132,sell,743381112
'2025-05-24 12:20:50.938,108798,0.00202051,sell,743381113
'2025-05-24 12:20:51.269,108798,0.00367601,sell,743381115
'2025-05-24 12:20:51.703,108797,0.00046501,sell,743381117
'2025-05-24 12:20:51.786,108797.1,0.00509421,buy,743381119
'2025-05-24 12:20:52.719,108798,0.00001112,sell,743381120
'2025-05-24 12:20:53.803,108798,0.00054595,sell,743381122
'2025-05-24 12:20:56.010,108796,0.00025139,sell,743381123
'2025-05-24 12:20:57.279,108796,0.09420684,sell,743381126
'2025-05-24 12:20:57.279,108795.7,0.005,sell,743381127
'2025-05-24 12:20:57.279,108794,0.02955092,sell,743381128
'2025-05-24 12:20:57.292,108793.7,0.002,sell,743381129
'2025-05-24 12:20:58.540,108792.8,0.00275477,buy,743381130
'2025-05-24 12:21:00.162,108792.7,0.00203131,sell,743381133
'2025-05-24 12:21:00.163,108792.1,0.03622881,sell,743381135
'2025-05-24 12:21:00.163,108792.1,0.01783034,sell,743381136
'2025-05-24 12:21:00.165,108792,0.00050656,sell,743381137
'2025-05-24 12:21:00.165,108790,0.00001,sell,743381138
'2025-05-24 12:21:00.171,108787.2,0.00001,sell,743381139
'2025-05-24 12:21:00.171,108787,0.00735343,sell,743381140
'2025-05-24 12:21:00.171,108786.3,0.00182726,sell,743381141
'2025-05-24 12:21:00.184,108786.2,0.00200099,sell,743381142
'2025-05-24 12:21:00.213,108782.7,0.00962585,sell,743381144
'2025-05-24 12:21:00.213,108782.1,0.00004826,sell,743381145
'2025-05-24 12:21:00.213,108781,0.00037415,sell,743381146
'2025-05-24 12:21:00.273,108781.1,0.002263,buy,743381147
'2025-05-24 12:21:00.288,108781,0.00462585,sell,743381148
'2025-05-24 12:21:00.293,108780.6,0.002,sell,743381149
'2025-05-24 12:21:00.323,108780.1,0.00008838,buy,743381151
'2025-05-24 12:21:00.463,108780,0.00030609,sell,743381154
'2025-05-24 12:21:00.463,108778,0.00050656,sell,743381155
'2025-05-24 12:21:00.482,108774.1,0.00200133,sell,743381156
'2025-05-24 12:21:00.563,108770,0.00001,sell,743381157
'2025-05-24 12:21:00.682,108768,0.00001137,sell,743381158
'2025-05-24 12:21:01.704,108768,0.00003456,sell,743381159
'2025-05-24 12:21:02.313,108768,0.00147077,sell,743381160
'2025-05-24 12:21:02.791,108765.9,0.01829801,buy,743381161
'2025-05-24 12:21:03.867,108765.9,0.00063107,buy,743381162
'2025-05-24 12:21:03.979,108765.9,0.00018388,buy,743381163
'2025-05-24 12:21:04.036,108765.8,0.01578831,sell,743381167
'2025-05-24 12:21:04.036,108765.3,0.00004826,sell,743381168
'2025-05-24 12:21:04.038,108764,0.00050656,sell,743381169
'2025-05-24 12:21:04.064,108763.5,0.005,sell,743381170
'2025-05-24 12:21:04.064,108762,0.00200166,sell,743381171
'2025-05-24 12:21:04.064,108760,0.00032785,sell,743381174
'2025-05-24 12:21:04.463,108756.3,0.00054595,buy,743381176
'2025-05-24 12:21:04.463,108760,0.00001,buy,743381177
'2025-05-24 12:21:04.464,108762,0.00398481,buy,743381178
'2025-05-24 12:21:04.473,108764.1,0.00112001,buy,743381180
'2025-05-24 12:21:04.477,108764.1,0.00112001,buy,743381181
'2025-05-24 12:21:04.563,108765.8,0.00018,buy,743381182
'2025-05-24 12:21:04.563,108765.9,0.00118266,buy,743381183
'2025-05-24 12:21:04.592,108768.6,0.00077518,buy,743381184
'2025-05-24 12:21:04.592,108770,0.00001,buy,743381185
'2025-05-24 12:21:04.592,108771.3,0.0005,buy,743381186
'2025-05-24 12:21:06.212,108772.7,0.00097223,sell,743381188
'2025-05-24 12:21:06.222,108770.4,0.002,sell,743381189
'2025-05-24 12:21:06.312,108770,0.00222454,sell,743381191
'2025-05-24 12:21:06.753,108770.1,0.00550147,buy,743381195
'2025-05-24 12:21:07.333,108771.3,0.00001001,sell,743381196
'2025-05-24 12:21:07.336,108771.3,0.00001001,sell,743381197
'2025-05-24 12:21:07.340,108771.3,0.00001001,sell,743381198
'2025-05-24 12:21:07.343,108771.3,0.00127759,sell,743381201
'2025-05-24 12:21:07.756,108770,0.00007988,sell,743381203
'2025-05-24 12:21:08.072,108770,0.00127633,sell,743381204
'2025-05-24 12:21:08.124,108768,0.00047845,sell,743381206
'2025-05-24 12:21:08.128,108767.9,0.00001,sell,743381207
'2025-05-24 12:21:08.545,108764,0.00050277,sell,743381208
'2025-05-24 12:21:10.362,108764.1,0.02801738,buy,743381209
'2025-05-24 12:21:11.438,108764,0.00184196,sell,743381210
'2025-05-24 12:21:11.438,108762.4,0.00001,sell,743381211
'2025-05-24 12:21:11.820,108762.1,0.08338382,buy,743381214
'2025-05-24 12:21:17.347,108762.1,0.00073189,buy,743381215
'2025-05-24 12:21:18.033,108762.1,0.00001,buy,743381216
'2025-05-24 12:21:18.335,108762,0.00601917,sell,743381219
'2025-05-24 12:21:18.410,108762,0.00057,sell,743381220
'2025-05-24 12:21:19.878,108762.1,0.03732952,buy,743381226
'2025-05-24 12:21:20.848,108762.1,0.00041742,buy,743381227
'2025-05-24 12:21:21.633,108762.1,0.00050661,buy,743381228
'2025-05-24 12:21:22.782,108762.1,0.000012,buy,743381229
'2025-05-24 12:21:22.833,108762.1,0.00418149,buy,743381231
'2025-05-24 12:21:27.100,108762.9,0.00026806,sell,743381232
'2025-05-24 12:21:27.417,108763,0.011,buy,743381233
'2025-05-24 12:21:27.417,108763,0.04627071,buy,743381237
'2025-05-24 12:21:27.417,108763.4,0.00172929,buy,743381238
'2025-05-24 12:21:27.417,108763.4,0.02679298,buy,743381239
'2025-05-24 12:21:27.424,108765.1,0.005,buy,743381240
'2025-05-24 12:21:27.430,108767.1,0.02790247,buy,743381241
'2025-05-24 12:21:27.430,108767.1,0.04924048,buy,743381242
'2025-05-24 12:21:27.444,108767.1,0.00460856,buy,743381244
'2025-05-24 12:21:27.464,108767.4,0.108836,sell,743381249
'2025-05-24 12:21:27.505,108767.5,0.00018422,buy,743381250
'2025-05-24 12:21:27.521,108770,0.00001,buy,743381251
'2025-05-24 12:21:27.521,108770.6,0.00001,buy,743381252
'2025-05-24 12:21:27.521,108771.2,0.00729814,buy,743381254
'2025-05-24 12:21:27.521,108771.3,0.000016,buy,743381255
'2025-05-24 12:21:27.530,108773,0.00919345,buy,743381256
'2025-05-24 12:21:27.543,108774.2,0.00200157,buy,743381257
'2025-05-24 12:21:27.553,108775.8,0.002,buy,743381258
'2025-05-24 12:21:27.843,108778,0.00050656,buy,743381259
'2025-05-24 12:21:27.843,108778.2,0.005,buy,743381260
'2025-05-24 12:21:27.843,108778.8,0.00001,buy,743381261
'2025-05-24 12:21:27.852,108780,0.00030609,buy,743381264
'2025-05-24 12:21:28.054,108781.9,0.0002,sell,743381266
'2025-05-24 12:21:30.225,108781.9,0.00033786,sell,743381267
'2025-05-24 12:21:30.643,108782,0.00684805,buy,743381269
'2025-05-24 12:21:30.666,108784.2,0.00599767,buy,743381271
'2025-05-24 12:21:30.666,108786.3,0.00224659,buy,743381273
'2025-05-24 12:21:30.666,108787.1,0.00001,buy,743381274
'2025-05-24 12:21:30.666,108788.8,0.002,buy,743381275
'2025-05-24 12:21:30.666,108790,0.00001,buy,743381276
'2025-05-24 12:21:30.666,108790.2,0.00094,buy,743381277
'2025-05-24 12:21:30.666,108790.5,0.00372868,buy,743381278
'2025-05-24 12:21:30.666,108791.2,0.00001,buy,743381279
'2025-05-24 12:21:30.666,108791.7,0.05753408,buy,743381280
'2025-05-24 12:21:30.666,108792,0.00050656,buy,743381281
'2025-05-24 12:21:30.666,108792.2,0.00004826,buy,743381282
'2025-05-24 12:21:30.666,108792.4,0.0019938,buy,743381283
'2025-05-24 12:21:30.823,108793.3,0.00046056,buy,743381284
'2025-05-24 12:21:30.833,108795.4,0.00001,buy,743381285
'2025-05-24 12:21:30.833,108796,0.00091915,buy,743381286
'2025-05-24 12:21:30.873,108796.9,0.00339702,buy,743381287
'2025-05-24 12:21:30.873,108797.6,0.00003,buy,743381288
'2025-05-24 12:21:31.016,108797.8,0.04019834,sell,743381289
'2025-05-24 12:21:31.316,108797.8,0.00009056,sell,743381290
'2025-05-24 12:21:31.492,108797.9,0.00107353,buy,743381291
'2025-05-24 12:21:32.609,108797.8,0.0004756,sell,743381292
'2025-05-24 12:21:32.832,108797.9,0.00166823,buy,743381293
'2025-05-24 12:21:32.879,108797.9,0.00065258,buy,743381294
'2025-05-24 12:21:33.572,108797.9,0.00159111,buy,743381295
'2025-05-24 12:21:33.867,108797.9,0.00166547,buy,743381296
'2025-05-24 12:21:35.248,108797.9,0.01149509,buy,743381297
'2025-05-24 12:21:40.439,108797.8,0.0004875,sell,743381298
'2025-05-24 12:21:43.175,108797.9,0.0072332,buy,743381299
'2025-05-24 12:21:44.182,108797.9,0.00013787,buy,743381300
'2025-05-24 12:21:46.123,108797.9,0.02018307,buy,743381306
'2025-05-24 12:21:46.123,108798,0.00101278,buy,743381307
'2025-05-24 12:21:46.123,108798.4,0.00200086,buy,743381308
'2025-05-24 12:21:46.126,108800,0.00032785,buy,743381311
'2025-05-24 12:21:46.126,108800.1,0.02950537,buy,743381314
'2025-05-24 12:21:46.134,108802,0.00337966,buy,743381315
'2025-05-24 12:21:46.134,108803.6,0.00001,buy,743381316
'2025-05-24 12:21:46.778,108803.8,0.15665509,buy,743381321
'2025-05-24 12:21:46.780,108804.7,0.02999769,buy,743381322
'2025-05-24 12:21:46.780,108806,0.00050656,buy,743381323
'2025-05-24 12:21:46.780,108806.1,0.00280249,buy,743381324
'2025-05-24 12:21:46.780,108807.8,0.00001,buy,743381325
'2025-05-24 12:21:46.780,108808.3,0.00280249,buy,743381326
'2025-05-24 12:21:46.780,108809,0.00004826,buy,743381327
'2025-05-24 12:21:46.780,108810,0.00001,buy,743381328
'2025-05-24 12:21:46.780,108810.2,0.00094,buy,743381329
'2025-05-24 12:21:46.780,108810.5,0.00200052,buy,743381330
'2025-05-24 12:21:46.780,108810.9,0.02896597,buy,743381331
'2025-05-24 12:21:46.780,108810.9,0.00780955,buy,743381332
'2025-05-24 12:21:46.780,108811.9,0.00001,buy,743381333
'2025-05-24 12:21:46.780,108812.7,0.04405059,buy,743381334
'2025-05-24 12:21:46.780,108813.1,0.005,buy,743381335
'2025-05-24 12:21:46.794,108813.2,0.002,buy,743381336
'2025-05-24 12:21:46.813,108816.1,0.00001,buy,743381337
'2025-05-24 12:21:47.471,108818,0.00938879,buy,743381341
'2025-05-24 12:21:47.484,108820,0.00080265,buy,743381344
'2025-05-24 12:21:47.493,108820.2,0.005,buy,743381345
'2025-05-24 12:21:47.493,108822.6,0.00200018,buy,743381346
'2025-05-24 12:21:47.568,108824.3,0.00013685,sell,743381347
'2025-05-24 12:21:47.666,108824.3,0.04018904,sell,743381348
'2025-05-24 12:21:50.802,108824.4,0.00011119,buy,743381349
'2025-05-24 12:21:51.186,108824.4,0.00001056,buy,743381350
'2025-05-24 12:21:51.186,108824.4,0.00001056,buy,743381351
'2025-05-24 12:21:51.186,108824.4,0.00001056,buy,743381352
'2025-05-24 12:21:51.186,108824.4,0.00001056,buy,743381353
'2025-05-24 12:21:51.477,108824.4,0.00270404,buy,743381355
'2025-05-24 12:21:54.776,108824.4,0.00045945,buy,743381356
'2025-05-24 12:21:57.174,108824.3,0.08727253,sell,743381362
'2025-05-24 12:21:57.175,108824,0.01032522,sell,743381363
'2025-05-24 12:21:57.176,108822.6,0.00398378,sell,743381364
'2025-05-24 12:21:57.176,108822,0.002,sell,743381365
'2025-05-24 12:21:57.176,108820,0.00001,sell,743381366
'2025-05-24 12:21:57.179,108816.5,0.005,sell,743381367
'2025-05-24 12:21:57.179,108816.2,0.00001,sell,743381368
'2025-05-24 12:21:57.180,108815.8,0.00089857,sell,743381370
'2025-05-24 12:21:57.180,108814.6,0.00101624,sell,743381371
'2025-05-24 12:21:57.180,108814.5,0.0553757,sell,743381372
'2025-05-24 12:21:57.181,108814.5,0.03604467,sell,743381373
'2025-05-24 12:21:57.182,108814.5,0.01067858,sell,743381374
'2025-05-24 12:21:57.186,108814.2,0.00002,sell,743381375
'2025-05-24 12:21:57.186,108813.1,0.00926309,sell,743381376
'2025-05-24 12:21:57.198,108813.1,0.01168558,sell,743381377
'2025-05-24 12:21:57.204,108813.1,0.00050001,sell,743381379
'2025-05-24 12:21:57.208,108813.1,0.00050001,sell,743381380
'2025-05-24 12:21:57.212,108813.1,0.00050001,sell,743381381
'2025-05-24 12:21:57.273,108810.5,0.04936772,sell,743381383
'2025-05-24 12:21:57.814,108810,0.04019488,sell,743381385
'2025-05-24 12:21:58.433,108808.9,0.002,sell,743381386
'2025-05-24 12:22:01.515,108808,0.00090564,sell,743381387
'2025-05-24 12:22:02.362,108808,0.00190005,sell,743381389
'2025-05-24 12:22:02.383,108806,0.00050656,sell,743381390
'2025-05-24 12:22:02.399,108805.7,0.002,sell,743381391
'2025-05-24 12:22:02.399,108803.7,0.00001,sell,743381392
'2025-05-24 12:22:02.399,108803.5,0.005,sell,743381393
'2025-05-24 12:22:02.403,108800,0.00029609,sell,743381395
'2025-05-24 12:22:02.403,108798.4,0.00200066,sell,743381396
'2025-05-24 12:22:02.403,108798,0.00735129,sell,743381397
'2025-05-24 12:22:02.403,108797.8,0.00089,sell,743381398
'2025-05-24 12:22:02.403,108797.6,0.005,sell,743381399
'2025-05-24 12:22:02.425,108792.6,0.002,sell,743381400
'2025-05-24 12:22:02.432,108792,0.00050656,sell,743381401
'2025-05-24 12:22:02.432,108790,0.00001,sell,743381402
'2025-05-24 12:22:02.432,108788,0.00149344,sell,743381403
'2025-05-24 12:22:02.433,108788,0.00103469,sell,743381404
'2025-05-24 12:22:02.437,108790,0.00051657,sell,743381405
'2025-05-24 12:22:02.441,108790,0.00001001,sell,743381406
'2025-05-24 12:22:02.473,108790,0.00001,sell,743381407
'2025-05-24 12:22:03.223,108786.1,0.00022595,buy,743381409
'2025-05-24 12:22:03.223,108790,0.00001,buy,743381410
'2025-05-24 12:22:03.393,108790.6,0.00022595,buy,743381412
'2025-05-24 12:22:03.542,108796.9,0.0003,buy,743381413
'2025-05-24 12:22:04.653,108797,0.00029507,buy,743381415
'2025-05-24 12:22:04.933,108798.4,0.00398408,buy,743381416
'2025-05-24 12:22:04.933,108800,0.00001,buy,743381417
'2025-05-24 12:22:05.213,108800.3,0.00018,buy,743381418
'2025-05-24 12:22:05.550,108805.2,0.00035284,sell,743381419
'2025-05-24 12:22:05.593,108806,0.01150656,buy,743381421
'2025-05-24 12:22:07.096,108807.3,0.00014,buy,743381422
'2025-05-24 12:22:10.814,108807.3,0.000011,buy,743381423
'2025-05-24 12:22:10.975,108807.3,0.01414166,buy,743381425
'2025-05-24 12:22:10.975,108807.3,0.02281386,buy,743381426
'2025-05-24 12:22:10.975,108808,0.00672387,buy,743381427
'2025-05-24 12:22:10.975,108808.6,0.04,buy,743381428
'2025-05-24 12:22:10.975,108809.5,0.01,buy,743381430
'2025-05-24 12:22:10.975,108810,0.00001,buy,743381431
'2025-05-24 12:22:10.978,108810.3,0.002,buy,743381432
'2025-05-24 12:22:10.984,108810.4,0.0005,buy,743381433
'2025-05-24 12:22:10.984,108810.5,0.00200057,buy,743381434
'2025-05-24 12:22:10.984,108811.2,0.00609163,buy,743381435
'2025-05-24 12:22:10.984,108811.8,0.0468967,buy,743381436
'2025-05-24 12:22:10.984,108811.8,0.0331033,buy,743381437
'2025-05-24 12:22:10.984,108815.3,0.00735101,buy,743381438
'2025-05-24 12:22:10.984,108815.4,0.00735388,buy,743381439
'2025-05-24 12:22:10.984,108816.1,0.00001,buy,743381440
'2025-05-24 12:22:10.984,108816.6,0.00340795,buy,743381441
'2025-05-24 12:22:10.984,108820,0.00080265,buy,743381444
'2025-05-24 12:22:10.984,108820.1,0.00124385,buy,743381445
'2025-05-24 12:22:10.984,108820.2,0.00001,buy,743381446
'2025-05-24 12:22:10.984,108821,0.00185749,buy,743381447
'2025-05-24 12:22:11.053,108821,0.0019785,buy,743381449
'2025-05-24 12:22:11.053,108821,0.01099999,buy,743381450
'2025-05-24 12:22:11.279,108821.7,0.04019125,sell,743381452
'2025-05-24 14:48:03.675,108959.9,0.00151261,sell,743417374
'2025-05-24 14:48:03.744,108956,0.00180818,sell,743417375
'2025-05-24 14:48:03.754,108954.5,0.005,sell,743417376
'2025-05-24 14:48:03.805,108954,0.00092102,sell,743417377
'2025-05-24 14:48:03.805,108952.7,0.00001,sell,743417378
'2025-05-24 14:48:03.845,108952.1,0.00398119,sell,743417379
'2025-05-24 14:48:03.845,108950,0.00001,sell,743417380
'2025-05-24 14:48:03.845,108948.6,0.00081535,sell,743417381
'2025-05-24 14:48:03.914,108946,0.00050656,sell,743417382
'2025-05-24 14:48:04.197,108942.1,0.0680958,buy,743417385
'2025-05-24 14:48:04.564,108942,0.00018,sell,743417386
'2025-05-24 14:48:04.564,108941.5,0.005,sell,743417387
'2025-05-24 14:48:05.861,108940.1,0.00013769,buy,743417388
'2025-05-24 14:48:07.422,108940,0.027658,sell,743417390
'2025-05-24 14:48:07.580,108940,0.00636102,sell,743417391
'2025-05-24 14:48:09.644,108940,0.021513,sell,743417392
'2025-05-24 14:48:10.185,108940,0.00032897,sell,743417393
'2025-05-24 14:48:12.791,108940,0.00077333,sell,743417394
'2025-05-24 14:48:14.131,108940.1,0.00185188,buy,743417395
'2025-05-24 14:48:15.308,108940,0.36682588,sell,743417400
'2025-05-24 14:48:15.344,108939.2,0.00013585,buy,743417401
'2025-05-24 14:48:22.134,108939.9,0.00086316,buy,743417467
'2025-05-24 14:48:22.134,108940,0.00001,buy,743417468
'2025-05-24 14:48:22.154,108944.3,0.00001,buy,743417469
'2025-05-24 14:48:22.154,108946.9,0.000015,buy,743417470
'2025-05-24 14:48:22.154,108947.1,0.00050001,buy,743417471
'2025-05-24 14:48:23.278,108947.1,0.00278116,buy,743417472
'2025-05-24 14:48:23.679,108947,0.00004118,sell,743417473
'2025-05-24 14:48:24.550,108947,0.00320199,sell,743417474
'2025-05-24 14:48:25.027,108947.1,0.0001054,buy,743417475
'2025-05-24 14:48:25.966,108947,0.0003166,sell,743417476
'2025-05-24 14:48:28.706,108947.1,0.00465284,buy,743417477
'2025-05-24 14:48:30.284,108947,0.00031589,sell,743417480
'2025-05-24 14:48:30.644,108941.7,0.00004589,sell,743417481
'2025-05-24 14:48:30.644,108940.3,0.00001,sell,743417482
'2025-05-24 14:48:30.644,108940,0.00001,sell,743417483
'2025-05-24 14:48:30.645,108939.9,0.00398139,sell,743417484
'2025-05-24 14:48:30.664,108936.8,0.00918077,sell,743417485
'2025-05-24 14:48:30.684,108936,0.06330709,sell,743417488
'2025-05-24 14:48:30.684,108934.7,0.002,sell,743417489
'2025-05-24 14:48:30.684,108934.6,0.00002,sell,743417490
'2025-05-24 14:48:30.684,108934,0.02018191,sell,743417491
'2025-05-24 14:48:31.366,108934,0.00001137,sell,743417492
'2025-05-24 14:48:32.104,108934,0.00174623,sell,743417497
'2025-05-24 14:48:32.134,108932.8,0.00056653,sell,743417498
'2025-05-24 14:48:33.447,108932,0.021514,sell,743417500
'2025-05-24 14:48:33.678,108932.1,0.001836,buy,743417501
'2025-05-24 14:48:33.933,108932.1,0.06374682,buy,743417503
'2025-05-24 14:48:34.034,108932,0.0010295,sell,743417509
'2025-05-24 14:48:34.034,108931.4,0.0000459,sell,743417510
'2025-05-24 14:48:34.095,108930.8,0.00057105,sell,743417511
'2025-05-24 14:48:34.095,108930,0.00001,sell,743417512
'2025-05-24 14:48:34.095,108928.6,0.00025327,sell,743417513
'2025-05-24 14:48:34.114,108927.8,0.00199694,sell,743417514
'2025-05-24 14:48:34.264,108927.6,0.00159507,sell,743417516
'2025-05-24 14:48:35.109,108926.1,0.00008115,buy,743417517
'2025-05-24 14:48:35.109,108926.1,0.00008115,buy,743417518
'2025-05-24 14:48:35.109,108926.1,0.00008115,buy,743417519
'2025-05-24 14:48:35.109,108926.1,0.00008115,buy,743417520
'2025-05-24 14:48:35.109,108926.1,0.00008115,buy,743417521
'2025-05-24 14:48:35.109,108926.1,0.00008115,buy,743417522
'2025-05-24 14:48:35.109,108926.1,0.00008115,buy,743417523
'2025-05-24 14:48:35.109,108926.1,0.00008115,buy,743417524
'2025-05-24 14:48:35.109,108926.1,0.00008115,buy,743417525
'2025-05-24 14:48:35.109,108926.1,0.00008115,buy,743417526
'2025-05-24 14:48:35.109,108926.1,0.00002076,buy,743417527
'2025-05-24 14:48:35.331,108926,0.00112987,sell,743417531
'2025-05-24 14:48:35.331,108925.3,0.00309436,sell,743417532
'2025-05-24 14:48:35.335,108925.3,0.00190564,sell,743417533
'2025-05-24 14:48:35.345,108923.7,0.00001,sell,743417534
'2025-05-24 14:48:36.984,108923.5,0.00135093,sell,743417537
'2025-05-24 14:48:37.088,108921.6,0.00005504,sell,743417538
'2025-05-24 14:48:37.948,108921.6,0.00383169,sell,743417542
'2025-05-24 14:48:37.948,108921.2,0.005,sell,743417543
'2025-05-24 14:48:37.948,108921.1,0.0000482,sell,743417544
'2025-05-24 14:48:37.948,108920,0.00655444,sell,743417553
'2025-05-24 14:48:37.948,108918,0.00050656,sell,743417554
'2025-05-24 14:48:37.948,108916.4,0.00460104,sell,743417555
'2025-05-24 14:48:37.948,108916.3,0.00460104,sell,743417556
'2025-05-24 14:48:37.948,108916.1,0.00094,sell,743417557
'2025-05-24 14:48:37.948,108916,0.02298683,sell,743417558
'2025-05-24 14:48:39.539,108916,0.00666676,sell,743417559
'2025-05-24 14:48:39.944,108916.1,0.00002449,buy,743417560
'2025-05-24 14:48:41.319,108916,0.01032554,sell,743417561
'2025-05-24 14:48:42.463,108916.1,0.00086266,buy,743417563
'2025-05-24 14:48:42.463,108917.4,0.0284,buy,743417564
'2025-05-24 14:48:42.463,108917.4,0.00006803,buy,743417565
'2025-05-24 14:48:42.464,108920,0.01548708,buy,743417567
'2025-05-24 14:48:42.464,108920,0.00379572,buy,743417568
'2025-05-24 14:48:42.464,108920,0.00480743,buy,743417569
'2025-05-24 14:48:42.465,108920,0.00774464,buy,743417570
'2025-05-24 14:48:42.465,108920.4,0.0005,buy,743417571
'2025-05-24 14:48:42.465,108921.7,0.00934254,buy,743417572
'2025-05-24 14:48:42.465,108921.7,0.00901554,buy,743417573
'2025-05-24 14:48:42.465,108923,0.00044227,buy,743417574
'2025-05-24 14:48:42.465,108923,0.0242099,buy,743417575
'2025-05-24 14:48:42.465,108923.6,0.00001,buy,743417576
'2025-05-24 14:48:42.465,108924.3,0.00073312,buy,743417577
'2025-05-24 14:48:42.465,108924.4,0.00089,buy,743417578
'2025-05-24 14:48:42.465,108927,0.0093451,buy,743417580
'2025-05-24 14:48:42.465,108927.2,0.01189042,buy,743417581
'2025-05-24 14:48:42.465,108927.4,0.0000482,buy,743417582
'2025-05-24 14:48:42.465,108927.8,0.00399148,buy,743417584
'2025-05-24 14:48:42.465,108927.9,0.00101657,buy,743417585
'2025-05-24 14:48:42.465,108928.6,0.0073451,buy,743417586
'2025-05-24 14:48:42.465,108928.9,0.0035843,buy,743417587
'2025-05-24 14:48:42.465,108929.7,0.00181,buy,743417588
'2025-05-24 14:48:42.465,108929.9,0.00372562,buy,743417590
'2025-05-24 14:48:42.465,108930,0.04423741,buy,743417592
'2025-05-24 14:48:42.465,108931.9,0.00001,buy,743417593
'2025-05-24 14:48:42.465,108932,0.00050656,buy,743417594
'2025-05-24 14:48:42.465,108932.6,0.00004,buy,743417595
'2025-05-24 14:48:42.465,108933.3,0.03,buy,743417596
'2025-05-24 14:48:42.465,108933.4,0.03,buy,743417597
'2025-05-24 14:48:42.465,108933.8,0.005,buy,743417598
'2025-05-24 14:48:42.465,108934.9,0.00521622,buy,743417599
'2025-05-24 14:48:42.465,108934.9,0.04064702,buy,743417600
'2025-05-24 14:48:42.465,108935.2,0.14296298,buy,743417602
'2025-05-24 14:48:42.468,108935.6,0.04953135,buy,743417603
'2025-05-24 14:48:42.468,108936,0.00001,buy,743417604
'2025-05-24 14:48:42.468,108936.1,0.04633604,buy,743417605
'2025-05-24 14:48:42.468,108937,0.04499919,buy,743417606
'2025-05-24 14:48:42.468,108937.7,0.01082342,buy,743417608
'2025-05-24 14:48:42.469,108935.1,0.00012086,sell,743417609
'2025-05-24 14:48:42.469,108935.1,0.00008094,sell,743417610
'2025-05-24 14:48:42.469,108937.7,0.0056,buy,743417611
'2025-05-24 14:48:42.469,108935.1,0.000079,sell,743417612
'2025-05-24 14:48:42.469,108937.7,0.00073312,buy,743417613
'2025-05-24 14:48:42.469,108937.7,0.0564,buy,743417616
'2025-05-24 14:48:42.471,108937.7,0.04648936,buy,743417618
'2025-05-24 14:48:42.471,108938,0.00372563,buy,743417619
'2025-05-24 14:48:42.471,108938.9,0.00002,buy,743417620
'2025-05-24 14:48:42.471,108939.9,0.00229483,buy,743417621
'2025-05-24 14:48:42.471,108940,0.00029609,buy,743417623
'2025-05-24 14:48:42.471,108940.1,0.002,buy,743417624
'2025-05-24 14:48:42.471,108940.2,0.00001,buy,743417625
'2025-05-24 14:48:42.471,108940.6,0.00156409,buy,743417626
'2025-05-24 14:48:42.478,108940.6,0.0005,buy,743417627
'2025-05-24 14:48:42.478,108941.4,0.005,buy,743417628
'2025-05-24 14:48:42.478,108941.8,0.02889757,buy,743417629
'2025-05-24 14:48:42.478,108943.3,0.00038632,buy,743417630
'2025-05-24 14:48:42.478,108946,0.00050656,buy,743417631
'2025-05-24 14:48:42.478,108946.9,0.005,buy,743417632
'2025-05-24 14:48:42.478,108947,0.00078019,buy,743417633
'2025-05-24 14:48:42.478,108948.4,0.00001,buy,743417634
'2025-05-24 14:48:42.478,108950,0.00001,buy,743417635
'2025-05-24 14:48:42.478,108950.7,0.00377163,buy,743417636
'2025-05-24 14:48:42.478,108952.6,0.00001,buy,743417637
'2025-05-24 14:48:42.478,108952.7,0.02974773,buy,743417638
'2025-05-24 14:48:42.494,108944.7,0.00189078,buy,743417639
'2025-05-24 14:48:42.494,108950,0.00001,buy,743417640
'2025-05-24 14:48:42.505,108953.2,0.00002,buy,743417641
'2025-05-24 14:48:42.647,108954.4,0.0002,sell,743417643
'2025-05-24 14:48:43.689,108954.5,0.01510807,buy,743417651
'2025-05-24 14:48:43.909,108959.9,0.00007629,sell,743417652
'2025-05-24 14:48:43.994,108960,0.00335132,buy,743417657
'2025-05-24 14:48:45.214,108964,0.00037494,buy,743417658
'2025-05-24 14:48:48.220,108963.9,0.01202446,sell,743417660
'2025-05-24 14:48:48.224,108963.9,0.00233143,sell,743417664
'2025-05-24 14:48:48.224,108962.6,0.0005,sell,743417665
'2025-05-24 14:48:48.751,108960.1,0.01434588,sell,743417669
'2025-05-24 14:48:48.751,108960,0.00002,sell,743417671
'2025-05-24 14:48:48.751,108959.6,0.00734213,sell,743417672
'2025-05-24 14:48:48.754,108956.8,0.00123873,sell,743417673
'2025-05-24 14:48:49.115,108954.5,0.00622759,sell,743417676
'2025-05-24 14:48:49.124,108950,0.00001,sell,743417677
'2025-05-24 14:48:49.124,108946.4,0.00094,sell,743417678
'2025-05-24 14:48:49.144,108946,0.00050656,sell,743417679
'2025-05-24 14:48:49.848,108944.8,0.00064,buy,743417681
'2025-05-24 14:48:49.962,108944.8,0.00098582,buy,743417682
'2025-05-24 14:48:50.258,108944.8,0.00011564,buy,743417683
'2025-05-24 14:48:52.326,108944.8,0.00028472,buy,743417684
'2025-05-24 14:48:52.564,108944.7,0.00529134,sell,743417688
'2025-05-24 14:48:52.564,108942.4,0.00199655,sell,743417689
'2025-05-24 14:48:52.564,108940,0.00029609,sell,743417691
'2025-05-24 14:48:52.564,108939.2,0.00124366,sell,743417692
'2025-05-24 14:48:53.944,108939.1,0.00279095,sell,743417694
'2025-05-24 14:48:53.944,108936.9,0.00102355,sell,743417695
'2025-05-24 14:48:54.608,108936.8,0.188783,sell,743417698
'2025-05-24 14:48:54.644,108936.8,0.00021001,sell,743417701
'2025-05-24 14:48:54.650,108936.8,0.00021001,sell,743417702
'2025-05-24 14:48:55.033,108936.4,0.0027539,buy,743417703
'2025-05-24 14:48:55.105,108936.3,0.021514,sell,743417704
'2025-05-24 14:48:57.235,108936.4,0.01016556,buy,743417705
'2025-05-24 14:48:58.066,108936.4,0.00003671,buy,743417706
'2025-05-24 14:48:58.284,108936.3,0.00082755,sell,743417711
'2025-05-24 14:49:00.414,108934.7,0.00102226,sell,743417715
'2025-05-24 14:49:00.414,108934,0.005,sell,743417716
'2025-05-24 14:49:00.414,108932.4,0.005,sell,743417717
'2025-05-24 14:49:00.414,108932,0.00050656,sell,743417718
'2025-05-24 14:49:00.414,108930.3,0.00199702,sell,743417719
'2025-05-24 14:49:00.414,108930,0.00001,sell,743417720
'2025-05-24 14:49:00.414,108929.9,0.00376384,sell,743417721
'2025-05-24 14:49:00.414,108927.9,0.00001,sell,743417722
'2025-05-24 14:49:00.414,108926.5,0.00094,sell,743417723
'2025-05-24 14:49:00.414,108924.1,0.00062183,sell,743417724
'2025-05-24 14:49:00.475,108924,0.00117857,sell,743417725
'2025-05-24 14:49:00.605,108923.8,0.00334121,sell,743417729
'2025-05-24 14:49:00.605,108921,0.005,sell,743417730
'2025-05-24 14:49:00.605,108920,0.00032785,sell,743417733
'2025-05-24 14:49:00.605,108919.4,0.005,sell,743417734
'2025-05-24 14:49:00.605,108918.2,0.00199736,sell,743417735
'2025-05-24 14:49:00.605,108918,0.00050656,sell,743417736
'2025-05-24 14:49:00.605,108917.8,0.0918,sell,743417737
'2025-05-24 14:49:00.605,108917.1,0.00734456,sell,743417738
'2025-05-24 14:49:00.605,108916.3,0.00917957,sell,743417739
'2025-05-24 14:49:00.605,108916,0.00460104,sell,743417740
'2025-05-24 14:49:00.605,108915.8,0.00031092,sell,743417741
'2025-05-24 14:49:00.605,108915.7,0.03606445,sell,743417742
'2025-05-24 14:49:00.605,108915.6,0.0275183,sell,743417743
'2025-05-24 14:49:00.605,108915.4,0.00001,sell,743417744
'2025-05-24 14:49:00.605,108915.3,0.27061513,sell,743417745
'2025-05-24 14:49:00.605,108914.5,0.0918,sell,743417746
'2025-05-24 14:49:00.605,108913.6,0.00377162,sell,743417747
'2025-05-24 14:49:00.605,108912.9,0.17281143,sell,743417748
'2025-05-24 14:49:00.998,108913.3,0.00034868,sell,743417749
'2025-05-24 14:49:01.422,108913.4,0.00959084,buy,743417751
'2025-05-24 14:49:02.500,108913.3,0.00289022,sell,743417752
'2025-05-24 14:49:03.614,108913.4,0.00004588,buy,743417753
'2025-05-24 14:49:04.531,108917.7,0.00557393,buy,743417754
'2025-05-24 14:49:04.589,108917.7,0.00014873,buy,743417755
'2025-05-24 14:49:04.914,108917.7,0.00048287,buy,743417757
'2025-05-24 14:49:04.914,108918.2,0.00398168,buy,743417758
'2025-05-24 14:49:04.924,108920,0.00001,buy,743417759
'2025-05-24 14:49:04.955,108922.7,0.01488791,buy,743417761
'2025-05-24 14:49:04.994,108924,0.00059758,buy,743417762
'2025-05-24 14:49:04.994,108925.4,0.0005,buy,743417763
'2025-05-24 14:49:05.494,108925.9,0.0007259,sell,743417766
'2025-05-24 14:49:06.015,108924.3,0.0004859,sell,743417769
'2025-05-24 14:49:06.015,108922.6,0.00724662,sell,743417770
'2025-05-24 14:49:06.284,108921.3,0.00075174,sell,743417771
'2025-05-24 14:49:06.284,108920,0.00001,sell,743417772
'2025-05-24 14:49:06.284,108919.6,0.00001,sell,743417773
'2025-05-24 14:49:06.285,108918.2,0.00398182,sell,743417774
'2025-05-24 14:49:06.354,108917.8,0.00161266,sell,743417775
'2025-05-24 14:49:06.505,108913.4,0.0363,buy,743417778
'2025-05-24 14:49:06.506,108913.4,0.06473621,buy,743417781
'2025-05-24 14:49:06.506,108913.4,0.13068863,buy,743417783
'2025-05-24 14:49:06.506,108913.4,0.00763991,buy,743417784
'2025-05-24 14:49:06.508,108913.4,0.06726277,buy,743417788
'2025-05-24 14:49:06.509,108914.3,0.02707,buy,743417789
'2025-05-24 14:49:06.509,108914.3,0.00000437,buy,743417790
'2025-05-24 14:49:06.514,108917.9,0.03102559,buy,743417791
'2025-05-24 14:49:06.514,108918.2,0.00398182,buy,743417792
'2025-05-24 14:49:06.525,108920,0.00001,buy,743417793
'2025-05-24 14:49:06.525,108921.3,0.00159652,buy,743417794
'2025-05-24 14:49:06.555,108922,0.0005,buy,743417795
'2025-05-24 14:49:06.564,108924.5,0.00002,buy,743417796
'2025-05-24 14:49:07.385,108925.9,0.01091464,sell,743417801
'2025-05-24 14:49:07.404,108920,0.00001,sell,743417802
'2025-05-24 14:49:09.354,108918.2,0.027665,sell,743417804
'2025-05-24 14:49:09.604,108918.3,0.00404422,buy,743417806
'2025-05-24 14:49:09.644,108920,0.00049072,buy,743417808
'2025-05-24 14:49:09.644,108920.5,0.005,buy,743417809
'2025-05-24 14:49:09.754,108922,0.00096583,buy,743417811
'2025-05-24 14:49:10.864,108924,0.00367353,buy,743417813
'2025-05-24 14:49:10.954,108926,0.00090957,buy,743417814
'2025-05-24 14:49:11.214,108927.2,0.00010495,sell,743417815
'2025-05-24 14:49:13.558,108927.3,0.0000459,buy,743417816
'2025-05-24 14:49:14.149,108927.2,0.003217,sell,743417817
'2025-05-24 14:49:14.315,108927.3,0.00034764,buy,743417818
'2025-05-24 14:49:15.293,108927.2,0.020515,sell,743417820
'2025-05-24 14:49:16.331,108927.3,0.00335104,buy,743417822
'2025-05-24 14:49:16.333,108928.2,0.005,buy,743417823
'2025-05-24 14:49:16.333,108928.6,0.0231791,buy,743417824
'2025-05-24 14:49:16.333,108930,0.00001,buy,743417825
'2025-05-24 14:49:16.333,108930.4,0.00199727,buy,743417826
'2025-05-24 14:49:16.333,108930.7,0.02473681,buy,743417827
'2025-05-24 14:49:16.333,108932,0.00050656,buy,743417828
'2025-05-24 14:49:16.333,108933.1,0.02353026,buy,743417829
'2025-05-24 14:49:16.334,108933.1,0.01320636,buy,743417830
'2025-05-24 14:49:16.334,108933.5,0.005,buy,743417831
'2025-05-24 14:49:16.334,108934.2,0.0046616,buy,743417833
'2025-05-24 14:49:16.334,108936,0.00001,buy,743417834
'2025-05-24 14:49:16.334,108936.3,0.00436204,buy,743417835
'2025-05-24 14:49:16.364,108936.9,0.00059365,buy,743417836
'2025-05-24 14:49:17.061,108939.4,0.00114943,buy,743417837
'2025-05-24 14:49:17.061,108940,0.00029609,buy,743417839
'2025-05-24 14:49:17.061,108941.2,0.005,buy,743417840
'2025-05-24 14:49:17.064,108942.5,0.00199689,buy,743417841
'2025-05-24 14:49:17.084,108945.6,0.002,buy,743417842
'2025-05-24 14:49:17.125,108946,0.00050656,buy,743417843
'2025-05-24 14:49:17.125,108947,0.01499259,buy,743417844
'2025-05-24 14:49:17.144,108950,0.00001,buy,743417845
'2025-05-24 14:49:17.155,108951.9,0.00001834,sell,743417846
'2025-05-24 14:49:17.356,108951.9,0.0002,sell,743417847
'2025-05-24 14:49:17.494,108951.9,0.0004896,sell,743417850
'2025-05-24 14:49:17.884,108950.5,0.0021,sell,743417853
'2025-05-24 14:49:17.884,108950,0.00001,sell,743417854
'2025-05-24 14:49:17.884,108946.8,0.00095368,sell,743417855
'2025-05-24 14:49:18.210,108946.7,0.00052991,sell,743417856
'2025-05-24 14:49:18.422,108946.7,0.00113,sell,743417857
'2025-05-24 14:49:19.351,108946.8,0.00007789,buy,743417858
'2025-05-24 14:49:20.584,108946.8,0.00359506,buy,743417861
'2025-05-24 14:49:20.584,108949,0.005,buy,743417862
'2025-05-24 14:49:20.584,108950,0.00001,buy,743417863
'2025-05-24 14:49:20.598,108951.9,0.005,sell,743417864
'2025-05-24 14:49:22.414,108951.9,0.00117589,sell,743417867
'2025-05-24 14:49:22.415,108950,0.00001,sell,743417868
'2025-05-24 14:49:23.007,108944.3,0.00438039,sell,743417870
'2025-05-24 14:49:23.954,108944.3,0.00023597,sell,743417873
'2025-05-24 14:49:23.954,108942.5,0.00398138,sell,743417874
'2025-05-24 14:49:25.033,108942.3,0.00001145,buy,743417875
'2025-05-24 14:49:26.939,108942.3,0.00458499,buy,743417876
'2025-05-24 14:49:27.904,108942.3,0.00004589,buy,743417877
'2025-05-24 14:49:27.904,108942.5,0.00398133,buy,743417878
'2025-05-24 14:49:28.550,108945.3,0.02079668,sell,743417880
'2025-05-24 14:49:28.956,108945.3,0.00300062,sell,743417884
'2025-05-24 14:49:28.965,108944,0.0001,sell,743417885
'2025-05-24 14:50:12.274,108935.3,0.00004589,buy,743418040
'2025-05-24 14:50:12.462,108936,0.00003671,buy,743418041
'2025-05-24 14:50:13.996,108936,0.01836058,buy,743418042
'2025-05-24 14:50:14.352,108935.9,0.0001423,sell,743418043
'2025-05-24 14:50:16.604,108936,0.00004589,buy,743418044
'2025-06-15 17:22:38.074,105527.4,0.00014996,sell,755631183
'2025-06-15 17:22:40.651,105527.4,0.00042645,sell,755631184
'2025-06-15 17:22:41.127,105527.5,0.0022058,buy,755631189
'2025-06-15 17:22:45.255,105531.4,0.00011284,sell,755631190
